2 0.51328125 0.1921875 0.05 0.18125
2 0.6703125 0.4078125 0.06875 0.2484375
2 0.46171875 0.328125 0.059375 0.2171875
2 0.6046875 0.87890625 0.1046875 0.2421875
2 0.2859375 0.5109375 0.0609375 0.2296875
0 0.30234375 0.16328125 0.13125 0.221875
2 0.57109375 0.04453125 0.040625 0.0890625
2 0.68671875 0.053125 0.0421875 0.10625
2 0.271875 0.6859375 0.0765625 0.284375
0 0.4546875 0.0234375 0.09140625 0.046875
1 0.67109375 0.315625 0.0171875 0.0234375
1 0.2671875 0.571875 0.01484375 0.02890625
1 0.2875 0.42265625 0.01796875 0.028125
1 0.51484375 0.1265625 0.0125 0.01875