2 0.72109375 0.3359375 0.0640625 0.2390625
2 0.4625 0.7953125 0.1 0.3390625
2 0.484375 0.27734375 0.0515625 0.1984375
2 0.365625 0.50703125 0.0640625 0.23984375
2 0.53828125 0.19765625 0.05 0.1765625
0 0.95625 0.13203125 0.0875 0.1890625
2 0.0671875 0.80234375 0.0984375 0.35078125
2 0.765625 0.1109375 0.04375 0.165625
2 0.61015625 0.29765625 0.0515625 0.2015625
2 0.3578125 0.25546875 0.053125 0.196875
2 0.55625 0.4890625 0.0703125 0.25625
2 0.5859375 0.20859375 0.0515625 0.1859375
2 0.6859375 0.034375 0.0421875 0.06875
0 0.4546875 0.02421875 0.09375 0.0484375
2 0.61484375 0.00703125 0.02421875 0.0140625
0 0.3 0.16484375 0.128125 0.221875
1 0.5546875 0.3859375 0.015625 0.02578125
1 0.725 0.24765625 0.01484375 0.02421875
1 0.60859375 0.21953125 0.0125 0.021875
1 0.45546875 0.68203125 0.02109375 0.03984375
2 0.55546875 0.35859375 0.05703125 0.13984375
1 0.58359375 0.13984375 0.01328125 0.02265625
1 0.5359375 0.1296875 0.0109375 0.0203125