0 0.903125 0.2125 0.14375 0.24296875
2 0.45859375 0.93359375 0.1 0.1328125
2 0.61953125 0.37109375 0.0671875 0.2125
2 0.359375 0.36640625 0.05390625 0.2171875
2 0.3609375 0.225 0.04609375 0.16015625
2 0.23359375 0.421875 0.0640625 0.2421875
2 0.06328125 0.49765625 0.06171875 0.246875
2 0.85703125 0.05546875 0.0421875 0.1109375
2 0.5234375 0.08984375 0.034375 0.15
0 0.9890625 0.03046875 0.021875 0.0609375
2 0.91328125 0.00703125 0.021875 0.0140625
1 0.06640625 0.4078125 0.0140625 0.02421875
1 0.35859375 0.2859375 0.0140625 0.01953125
1 0.4640625 0.91171875 0.02578125 0.0375
1 0.36484375 0.1609375 0.0109375 0.01640625
1 0.23359375 0.340625 0.0140625 0.0203125
2 0.378125 0.08984375 0.034375 0.146875
1 0.621875 0.29453125 0.01171875 0.01796875