0 0.28359375 0.38203125 0.1234375 0.1921875
0 0.9234375 0.5796875 0.1515625 0.3609375
0 0.69453125 0.13359375 0.08125 0.1171875
2 0.1125 0.625 0.0640625 0.240625
2 0.12109375 0.8265625 0.0765625 0.2578125
2 0.31484375 0.86328125 0.071875 0.2734375
2 0.56015625 0.434375 0.0546875 0.2
2 0.25234375 0.57421875 0.0578125 0.2296875
2 0.59453125 0.659375 0.078125 0.2765625
2 0.184375 0.453125 0.0578125 0.203125
0 0.3421875 0.08203125 0.0796875 0.121875
2 0.25859375 0.07890625 0.03125 0.1109375
2 0.7140625 0.55625 0.0671875 0.24375
2 0.67578125 0.43359375 0.059375 0.215625
2 0.91796875 0.9265625 0.103125 0.146875
2 0.6 0.296875 0.046875 0.175
2 0.1640625 0.26328125 0.0421875 0.1421875
2 0.2859375 0.1796875 0.040625 0.1359375
2 0.65390625 0.25390625 0.0453125 0.1625
2 0.96328125 0.140625 0.0359375 0.1125
0 0.64140625 0.090625 0.0578125 0.096875
2 0.89609375 0.059375 0.03125 0.096875
2 0.5203125 0.0984375 0.0234375 0.0859375
0 0.63203125 0.04140625 0.0515625 0.0671875
2 0.5640625 0.06640625 0.01875 0.0625
0 0.64296875 0.06875 0.05625 0.0625
0 0.6703125 0.01171875 0.04375 0.0234375
2 0.85234375 0.0671875 0.0328125 0.1078125
2 0.53046875 0.0703125 0.01875 0.059375
2 0.175 0.14609375 0.0328125 0.115625
2 0.9640625 0.078125 0.0375 0.0921875
2 0.596875 0.05859375 0.01875 0.0453125
2 0.1484375 0.16328125 0.0390625 0.0984375
2 0.5171875 0.0296875 0.0203125 0.059375
1 0.11796875 0.72109375 0.0140625 0.0203125
1 0.5578125 0.3578125 0.0125 0.015625
1 0.109375 0.54609375 0.0125 0.0171875
1 0.3078125 0.7609375 0.015625 0.021875
1 0.67265625 0.35390625 0.0109375 0.0140625
1 0.25234375 0.48359375 0.0140625 0.0171875
1 0.709375 0.46875 0.01328125 0.021875
1 0.16171875 0.21171875 0.00703125 0.009375
1 0.28359375 0.12890625 0.00625 0.009375