2 0.3234375 0.59296875 0.0796875 0.2765625
2 0.52734375 0.6015625 0.0734375 0.2859375
2 0.603125 0.2421875 0.05 0.20625
2 0.66015625 0.153125 0.046875 0.165625
2 0.3578125 0.378125 0.0546875 0.2
2 0.70546875 0.35703125 0.0515625 0.228125
2 0.34765625 0.2625 0.0515625 0.1828125
2 0.6328125 0.0296875 0.03125 0.059375
2 0.65703125 0.04140625 0.0359375 0.0828125
2 0.971875 0.0125 0.040625 0.025
1 0.52734375 0.496875 0.01640625 0.02734375
1 0.66015625 0.09453125 0.0109375 0.0171875
1 0.6046875 0.165625 0.01328125 0.0203125
1 0.35625 0.30078125 0.0125 0.021875
0 0.4765625 0.0234375 0.04609375 0.04609375