0 0.821875 0.38671875 0.1515625 0.1625
2 0.203125 0.68671875 0.08984375 0.2734375
2 0.1265625 0.3421875 0.04375 0.1484375
2 0.228125 0.26875 0.0390625 0.11171875
2 0.97421875 0.4375 0.0515625 0.1703125
2 0.58515625 0.59140625 0.09765625 0.21796875
2 0.86640625 0.16953125 0.04140625 0.065625
2 0.46015625 0.11015625 0.02109375 0.04921875
1 0.125 0.29296875 0.01015625 0.015625
0 0.446875 0.09453125 0.0546875 0.04453125
2 0.36640625 0.09921875 0.01796875 0.05234375
0 0.36796875 0.08515625 0.040625 0.0390625