0 0.86953125 0.42109375 0.1671875 0.278125
2 0.6921875 0.4875 0.0625 0.225
2 0.50625 0.79765625 0.078125 0.303125
2 0.22265625 0.7171875 0.0671875 0.2625
2 0.75234375 0.7734375 0.0828125 0.296875
2 0.5609375 0.2984375 0.04375 0.1546875
2 0.64375 0.62265625 0.065625 0.25625
2 0.784375 0.90859375 0.096875 0.1828125
2 0.70859375 0.2625 0.0453125 0.1671875
2 0.90390625 0.696875 0.08125 0.2640625
2 0.61171875 0.271875 0.0421875 0.1671875
0 0.97421875 0.2203125 0.0515625 0.18125
2 0.521875 0.5484375 0.059375 0.225
2 0.32578125 0.0765625 0.03125 0.10625
2 0.55234375 0.43984375 0.0515625 0.20625
2 0.93046875 0.846875 0.0890625 0.30625
2 0.59296875 0.115625 0.03125 0.1015625
2 0.5546875 0.11171875 0.028125 0.1015625
2 0.221875 0.14140625 0.0328125 0.1203125
2 0.27421875 0.0984375 0.0328125 0.115625
2 0.175 0.15859375 0.0359375 0.125
0 0.64453125 0.0765625 0.0625 0.0859375
2 0.10703125 0.24765625 0.0328125 0.1375
2 0.578125 0.059375 0.0234375 0.075
2 0.26484375 0.03046875 0.0265625 0.0609375
2 0.640625 0.1125 0.0296875 0.10625
2 0.91171875 0.04921875 0.0265625 0.0921875
2 0.32109375 0.0171875 0.021875 0.034375
2 0.50546875 0.11796875 0.0265625 0.1015625
2 0.94296875 0.0828125 0.028125 0.1078125
2 0.5515625 0.0328125 0.0203125 0.0640625
0 0.56640625 0.00703125 0.046875 0.0140625
2 0.52734375 0.09296875 0.021875 0.0875
2 0.51640625 0.02109375 0.021875 0.0421875
1 0.89765625 0.59609375 0.0171875 0.0234375
1 0.63984375 0.5203125 0.0140625 0.021875
1 0.690625 0.4078125 0.0125 0.015625
1 0.92265625 0.7234375 0.0203125 0.025
1 0.734375 0.65390625 0.015625 0.0234375
1 0.5515625 0.3546875 0.0109375 0.0203125
1 0.75390625 0.6859375 0.0171875 0.021875
1 0.22109375 0.61484375 0.015625 0.02890625
1 0.5078125 0.678125 0.01875 0.021875
1 0.5203125 0.46484375 0.0125 0.0140625
1 0.6078125 0.21328125 0.0078125 0.0140625
1 0.70390625 0.203125 0.0078125 0.01640625
1 0.71171875 0.20078125 0.0078125 0.01328125
1 0.21875 0.09921875 0.00703125 0.009375
1 0.17109375 0.11640625 0.0078125 0.0109375
1 0.559375 0.24296875 0.01015625 0.01328125