0 0.734375 0.08515625 0.115625 0.1703125
0 0.4015625 0.07578125 0.1078125 0.1515625
2 0.3875 0.72265625 0.0796875 0.3078125
2 0.4140625 0.28828125 0.053125 0.203125
0 0.95625 0.2390625 0.0875 0.2375
2 0.24296875 0.4609375 0.071875 0.2484375
2 0.6046875 0.35078125 0.0609375 0.228125
0 0.3 0.16484375 0.1296875 0.2296875
2 0.040625 0.8546875 0.08125 0.290625
2 0.53515625 0.1734375 0.05 0.1859375
2 0.63046875 0.07890625 0.0421875 0.153125
2 0.4921875 0.1140625 0.040625 0.1515625
0 0.95625 0.04375 0.0875 0.0875
2 0.559375 0.11328125 0.046875 0.15625
2 0.571875 0.0796875 0.0421875 0.159375
0 0.47109375 0.01875 0.0609375 0.0375
2 0.63125 0.01640625 0.0375 0.0328125
1 0.38671875 0.6078125 0.0171875 0.025
1 0.6046875 0.27109375 0.0125 0.0140625
1 0.4125 0.21015625 0.0125 0.0140625
1 0.55546875 0.05625 0.0078125 0.009375
1 0.4921875 0.05703125 0.009375 0.0109375
1 0.5734375 0.0203125 0.00859375 0.0140625
1 0.62734375 0.015625 0.0078125 0.01328125