2 0.11484375 0.44453125 0.0515625 0.190625
2 0.728125 0.871875 0.0828125 0.25625
2 0.53671875 0.328125 0.05 0.184375
2 0.82265625 0.60625 0.0765625 0.259375
0 0.27109375 0.46328125 0.1609375 0.375
0 0.66875 0.08046875 0.0796875 0.125
2 0.6890625 0.3046875 0.0484375 0.1734375
2 0.05234375 0.86796875 0.0609375 0.2546875
0 0.28125 0.17421875 0.109375 0.225
2 0.153125 0.3234375 0.053125 0.1734375
2 0.69375 0.72109375 0.0765625 0.271875
2 0.5796875 0.94296875 0.08125 0.1140625
2 0.6328125 0.33359375 0.0453125 0.1765625
2 0.56640625 0.221875 0.0453125 0.1484375
2 0.0484375 0.33828125 0.04375 0.1640625
2 0.23125 0.09296875 0.03125 0.1078125
2 0.946875 0.95078125 0.103125 0.0984375
2 0.29765625 0.03515625 0.025 0.0609375
2 0.59453125 0.1296875 0.034375 0.1046875
2 0.63359375 0.2203125 0.04375 0.1359375
2 0.55625 0.12578125 0.03125 0.1
2 0.509375 0.059375 0.0203125 0.075
2 0.32421875 0.03671875 0.0296875 0.0734375
2 0.16328125 0.1515625 0.034375 0.1234375
2 0.2640625 0.040625 0.0265625 0.0609375
2 0.596875 0.0734375 0.0234375 0.059375
2 0.64765625 0.13359375 0.0296875 0.0828125
2 0.78203125 0.01796875 0.0171875 0.0359375
0 0.5796875 0.0109375 0.0390625 0.021875
2 0.75078125 0.0078125 0.0234375 0.015625
2 0.1328125 0.16328125 0.0328125 0.1125
0 0.67578125 0.01171875 0.046875 0.0234375
2 0.53671875 0.01953125 0.01875 0.0390625
2 0.50703125 0.01640625 0.0171875 0.0328125
2 0.51796875 0.01171875 0.0125 0.0234375
1 0.68984375 0.62265625 0.0171875 0.0234375
1 0.8171875 0.5375 0.0125 0.01875
1 0.0453125 0.28203125 0.009375 0.0109375
1 0.1125 0.3734375 0.0109375 0.015625
1 0.72734375 0.7875 0.0171875 0.021875
1 0.940625 0.9546875 0.021875 0.028125
1 0.68671875 0.23984375 0.0109375 0.0140625
1 0.04921875 0.775 0.0171875 0.0296875
1 0.8203125 0.50859375 0.0171875 0.025
1 0.53359375 0.265625 0.0109375 0.0125
1 0.5765625 0.93125 0.02109375 0.03125
1 0.15 0.26171875 0.009375 0.015625
1 0.63125 0.17265625 0.0078125 0.0140625
1 0.62890625 0.26484375 0.0109375 0.0171875