0 0.88828125 0.32578125 0.1515625 0.2484375
0 0.43671875 0.2125 0.125 0.1875
2 0.2015625 0.7078125 0.08125 0.2875
2 0.8015625 0.1546875 0.053125 0.175
2 0.478125 0.56484375 0.0703125 0.259375
2 0.1421875 0.4734375 0.065625 0.2328125
2 0.04375 0.775 0.0875 0.321875
2 0.2453125 0.37265625 0.0609375 0.209375
2 0.3125 0.2140625 0.0453125 0.16875
2 0.74296875 0.14140625 0.040625 0.1453125
2 0.3984375 0.1125 0.0328125 0.1125
2 0.9390625 0.0203125 0.03125 0.040625
2 0.51171875 0.03203125 0.0296875 0.0640625
2 0.81875 0.06328125 0.0421875 0.1265625
2 0.98359375 0.028125 0.0328125 0.05625
1 0.19921875 0.59921875 0.0171875 0.021875
1 0.13984375 0.38203125 0.01640625 0.021875
1 0.24375 0.29765625 0.0125 0.01796875
1 0.30859375 0.15078125 0.0140625 0.021875