0 0.8265625 0.58984375 0.2046875 0.3828125
0 0.9296875 0.15703125 0.13125 0.234375
2 0.5234375 0.86796875 0.0953125 0.2640625
2 0.41875 0.8859375 0.0875 0.228125
2 0.41640625 0.6796875 0.078125 0.2734375
2 0.80546875 0.26796875 0.0609375 0.2
2 0.56875 0.3265625 0.059375 0.203125
2 0.52109375 0.69609375 0.0765625 0.20625
2 0.66875 0.2828125 0.059375 0.2046875
2 0.73828125 0.18515625 0.046875 0.1828125
2 0.4921875 0.0578125 0.0421875 0.115625
0 0.765625 0.95859375 0.2890625 0.0828125
2 0.6421875 0.50234375 0.0734375 0.2453125
2 0.81875 0.06796875 0.0421875 0.1359375
2 0.63515625 0.39140625 0.071875 0.2140625
2 0.778125 0.0671875 0.0390625 0.134375
2 0.54765625 0.6078125 0.075 0.2609375
2 0.87265625 0.07578125 0.0421875 0.140625
2 0.96484375 0.01328125 0.0375 0.0265625
2 0.80078125 0.14921875 0.0484375 0.1609375
1 0.52109375 0.6265625 0.0171875 0.025
1 0.54453125 0.509375 0.0171875 0.021875
1 0.42421875 0.80546875 0.0171875 0.0234375
1 0.415625 0.57421875 0.015625 0.0234375
1 0.803125 0.18515625 0.0125 0.0171875
1 0.51953125 0.77421875 0.015625 0.03125
1 0.6421875 0.403125 0.01484375 0.02578125
1 0.62890625 0.315625 0.0125 0.01953125
1 0.6640625 0.21171875 0.0140625 0.0203125
1 0.73828125 0.125 0.009375 0.0171875
1 0.815625 0.01875 0.00859375 0.0109375