2 0.5828125 0.61484375 0.071875 0.2609375
2 0.14453125 0.64765625 0.0703125 0.2546875
2 0.2859375 0.546875 0.0640625 0.228125
2 0.8546875 0.496875 0.0625 0.2421875
2 0.1984375 0.346875 0.053125 0.1734375
2 0.55546875 0.21015625 0.0421875 0.140625
2 0.69921875 0.44765625 0.0578125 0.2140625
2 0.25703125 0.3046875 0.0453125 0.153125
2 0.66953125 0.3078125 0.0453125 0.165625
2 0.26015625 0.184375 0.040625 0.13125
2 0.57890625 0.11640625 0.0296875 0.1
2 0.3125 0.10625 0.034375 0.11875
2 0.16953125 0.18828125 0.0390625 0.128125
2 0.615625 0.228125 0.0421875 0.1484375
2 0.528125 0.140625 0.034375 0.103125
0 0.58828125 0.01875 0.0484375 0.0375
2 0.25234375 0.0328125 0.0234375 0.065625
0 0.7015625 0.01484375 0.04375 0.0296875
2 0.2953125 0.04140625 0.028125 0.0828125
2 0.55 0.0765625 0.0203125 0.08125
2 0.13203125 0.1625 0.0328125 0.1125
2 0.79453125 0.0203125 0.015625 0.0390625
2 0.58515625 0.0609375 0.0265625 0.0640625
2 0.76015625 0.01640625 0.015625 0.0328125
2 0.5375 0.02578125 0.0203125 0.0515625
2 0.60078125 0.16796875 0.03125 0.10625
2 0.51171875 0.0765625 0.021875 0.071875
2 0.72890625 0.00625 0.0140625 0.0125
1 0.8546875 0.39921875 0.0125 0.0171875
1 0.696875 0.3828125 0.0125 0.015625
1 0.2796875 0.459375 0.0125 0.015625
1 0.578125 0.5109375 0.015625 0.021875
1 0.25390625 0.24453125 0.0078125 0.0109375
1 0.1953125 0.2859375 0.0078125 0.01171875
1 0.5546875 0.1609375 0.0078125 0.0109375
1 0.5984375 0.13046875 0.0078125 0.01328125
1 0.2609375 0.13984375 0.00859375 0.0125
1 0.6140625 0.16484375 0.00703125 0.0125