2 0.6015625 0.5828125 0.078125 0.278125
2 0.3703125 0.7890625 0.0859375 0.3296875
2 0.86796875 0.08125 0.053125 0.1546875
2 0.23359375 0.3109375 0.0609375 0.203125
0 0.67265625 0.94296875 0.2734375 0.1140625
2 0.7578125 0.1484375 0.04375 0.1578125
2 0.553125 0.3984375 0.0640625 0.228125
2 0.01875 0.66640625 0.0375 0.2640625
2 0.6203125 0.3015625 0.0578125 0.190625
2 0.5921875 0.4171875 0.059375 0.1875
1 0.590625 0.35078125 0.015625 0.0203125
1 0.61875 0.2265625 0.009375 0.0125
1 0.23203125 0.23671875 0.0140625 0.0171875
1 0.55390625 0.31015625 0.0140625 0.0171875
1 0.59765625 0.4796875 0.01484375 0.02109375
1 0.37265625 0.66640625 0.01875 0.0234375
2 0.06953125 0.3421875 0.053125 0.16640625