2 0.10859375 0.83828125 0.0890625 0.3234375
2 0.428125 0.8375 0.08671875 0.325
2 0.4203125 0.34765625 0.0609375 0.20625
2 0.59609375 0.18203125 0.0515625 0.19140625
2 0.5234375 0.0703125 0.04375 0.140625
2 0.49609375 0.20390625 0.0453125 0.175
2 0.7375 0.1328125 0.04140625 0.1734375
2 0.31796875 0.765625 0.0875 0.321875
0 0.3 0.16640625 0.1328125 0.2171875
2 0.57578125 0.08203125 0.0390625 0.15234375
2 0.6796875 0.0171875 0.02734375 0.034375
2 0.7265625 0.0140625 0.02578125 0.028125
0 0.453125 0.02265625 0.08984375 0.0453125
0 0.9609375 0.040625 0.078125 0.08125
1 0.590625 0.1203125 0.01015625 0.01484375
1 0.4171875 0.265625 0.0125 0.02421875
1 0.49765625 0.1359375 0.01171875 0.01796875