2 0.9546875 0.85859375 0.090625 0.2828125
0 0.6921875 0.07734375 0.0703125 0.1125
2 0.78671875 0.36171875 0.05625 0.2203125
2 0.74609375 0.6609375 0.0703125 0.24375
2 0.5578125 0.5015625 0.0671875 0.234375
2 0.5578125 0.2 0.0421875 0.15625
2 0.9375 0.52734375 0.071875 0.2578125
2 0.76484375 0.85625 0.0875 0.2875
2 0.10546875 0.2359375 0.046875 0.1453125
2 0.190625 0.27890625 0.0453125 0.1640625
2 0.2375 0.1953125 0.0421875 0.140625
2 0.6703125 0.28046875 0.0453125 0.184375
2 0.28046875 0.15703125 0.0421875 0.140625
0 0.96484375 0.12734375 0.0703125 0.146875
2 0.53125 0.08671875 0.0234375 0.096875
2 0.58671875 0.084375 0.0328125 0.1109375
2 0.60234375 0.034375 0.0265625 0.06875
2 0.55234375 0.06171875 0.025 0.0953125
2 0.29375 0.01640625 0.0203125 0.0328125
1 0.95546875 0.76171875 0.0203125 0.0328125
1 0.934375 0.43125 0.015625 0.01875
1 0.66796875 0.20859375 0.0109375 0.0140625
1 0.7875 0.28125 0.0125 0.015625
1 0.74140625 0.578125 0.0140625 0.01875
1 0.55390625 0.40859375 0.0140625 0.0171875
1 0.7640625 0.74609375 0.01875 0.0234375
1 0.234375 0.14453125 0.01015625 0.0140625
1 0.18828125 0.2203125 0.01015625 0.01328125
1 0.10390625 0.18671875 0.0078125 0.01171875
2 0.5296875 0.015625 0.015625 0.03125
2 0.9234375 0.03671875 0.021875 0.0734375
2 0.94609375 0.02890625 0.0203125 0.0578125