2 0.80078125 0.675 0.090625 0.2890625
2 0.65703125 0.6890625 0.0875 0.2875
0 0.66640625 0.09921875 0.071875 0.109375
2 0.20625 0.41796875 0.05625 0.1953125
2 0.2796875 0.0828125 0.03125 0.1078125
2 0.22109375 0.13671875 0.0328125 0.1203125
2 0.3171875 0.01796875 0.021875 0.0359375
2 0.5140625 0.09609375 0.0265625 0.0796875
2 0.54453125 0.15859375 0.03125 0.115625
2 0.61796875 0.1390625 0.0296875 0.103125
2 0.740625 0.0109375 0.015625 0.021875
2 0.56015625 0.11796875 0.025 0.103125
2 0.6125 0.053125 0.025 0.0734375
2 0.76640625 0.01953125 0.01875 0.0390625
2 0.57734375 0.034375 0.015625 0.053125
0 0.5875 0.01015625 0.03125 0.0203125
2 0.5078125 0.04296875 0.0140625 0.0484375
1 0.64453125 0.5796875 0.0171875 0.021875
1 0.7953125 0.56875 0.01875 0.021875
1 0.20546875 0.35234375 0.0078125 0.0109375
1 0.78125 0.57265625 0.0140625 0.02265625