2 0.10625 0.86796875 0.0875 0.2640625
2 0.4625 0.60859375 0.078125 0.303125
2 0.6140625 0.27421875 0.053125 0.203125
2 0.38203125 0.81640625 0.08125 0.3453125
2 0.72734375 0.6765625 0.0796875 0.3046875
2 0.63515625 0.59140625 0.078125 0.3
2 0.40390625 0.28671875 0.053125 0.196875
2 0.52421875 0.16875 0.0484375 0.175
2 0.34921875 0.5859375 0.0703125 0.278125
2 0.14296875 0.5453125 0.065625 0.2484375
2 0.59140625 0.0484375 0.0390625 0.096875
0 0.30234375 0.165625 0.1359375 0.225
0 0.45390625 0.0234375 0.09375 0.046875
2 0.6765625 0.01484375 0.0359375 0.0296875
2 0.01015625 0.72421875 0.0203125 0.228125
1 0.14453125 0.45 0.0140625 0.02109375
1 0.52109375 0.10546875 0.0109375 0.01875
1 0.72421875 0.56015625 0.01875 0.0265625
1 0.61484375 0.19921875 0.0109375 0.0171875
1 0.4625 0.4921875 0.015625 0.02890625