0 0.92265625 0.20390625 0.11875 0.2
0 0.1234375 0.65390625 0.246875 0.6171875
2 0.75546875 0.5328125 0.06171875 0.26015625
2 0.6609375 0.43359375 0.0578125 0.23671875
2 0.60546875 0.57265625 0.06953125 0.26953125
2 0.78203125 0.1609375 0.0375 0.1640625
2 0.54921875 0.49609375 0.06171875 0.25078125
2 0.70078125 0.3140625 0.06328125 0.21953125
2 0.45859375 0.0515625 0.0359375 0.103125
0 0.97265625 0.0609375 0.0546875 0.121875
2 0.91328125 0.01171875 0.0234375 0.0234375
2 0.8515625 0.109375 0.03828125 0.15546875
2 0.865625 0.0265625 0.025 0.053125
2 0.15234375 0.278125 0.0390625 0.15390625
1 0.75625 0.4296875 0.01640625 0.021875
1 0.65859375 0.340625 0.0125 0.01796875
1 0.6984375 0.23515625 0.01171875 0.01953125