0 0.94921875 0.32421875 0.1015625 0.225
2 0.36171875 0.4875 0.071875 0.24375
2 0.56015625 0.82265625 0.103125 0.35234375
0 0.49140625 0.20390625 0.1390625 0.2234375
0 0.4 0.07421875 0.1046875 0.1484375
0 0.71328125 0.384375 0.1296875 0.3296875
0 0.95078125 0.04296875 0.0953125 0.0859375
2 0.6953125 0.03671875 0.0421875 0.071875
2 0.5703125 0.103125 0.04375 0.1671875
2 0.4703125 0.0328125 0.03125 0.0640625
2 0.01484375 0.7703125 0.0296875 0.234375
2 0.4859375 0.01953125 0.034375 0.0390625
2 0.06015625 0.92421875 0.08125 0.1515625
1 0.36015625 0.39296875 0.0140625 0.0234375
0 0.30078125 0.16796875 0.134375 0.22109375
2 0.5578125 0.13125 0.03046875 0.14296875