0 0.93046875 0.63046875 0.1390625 0.28359375
2 0.9203125 0.89453125 0.096875 0.2109375
2 0.11796875 0.45390625 0.0546875 0.20625
2 0.61484375 0.89609375 0.08125 0.2078125
2 0.03515625 0.89140625 0.06953125 0.2171875
2 0.53359375 0.2171875 0.0421875 0.1390625
2 0.62578125 0.734375 0.059375 0.253125
2 0.73984375 0.38203125 0.053125 0.20625
2 0.63671875 0.36015625 0.0546875 0.190625
2 0.246875 0.1375 0.040625 0.128125
2 0.553125 0.37890625 0.0484375 0.1828125
2 0.68515625 0.45078125 0.053125 0.2109375
2 0.20625 0.1984375 0.0390625 0.140625
2 0.5828125 0.29765625 0.046875 0.178125
2 0.6109375 0.209375 0.040625 0.1421875
2 0.534375 0.13046875 0.028125 0.1046875
2 0.70703125 0.31640625 0.046875 0.1625
2 0.1515625 0.178125 0.028125 0.11484375
2 0.796875 0.01953125 0.0203125 0.0390625
2 0.59453125 0.12734375 0.0328125 0.1
2 0.79140625 0.96328125 0.0625 0.0734375
2 0.60390625 0.07734375 0.0265625 0.0921875
2 0.56875 0.0703125 0.0234375 0.09375
2 0.96953125 0.10390625 0.034375 0.13125
2 0.53359375 0.04453125 0.0203125 0.0765625
0 0.6734375 0.0109375 0.03828125 0.021875
2 0.82890625 0.03046875 0.0203125 0.0609375
2 0.7671875 0.021875 0.0203125 0.0421875
2 0.96953125 0.13125 0.0328125 0.075
1 0.0265625 0.8203125 0.02109375 0.03125
1 0.91015625 0.83203125 0.0203125 0.0328125
1 0.7046875 0.2578125 0.0109375 0.01484375
1 0.1171875 0.37421875 0.0125 0.0171875
1 0.2046875 0.14609375 0.009375 0.0140625
1 0.62265625 0.640625 0.0140625 0.02421875
1 0.63203125 0.29375 0.01015625 0.0140625
1 0.63515625 0.32109375 0.00859375 0.01484375
1 0.7390625 0.30390625 0.0109375 0.0171875