2 0.7390625 0.3109375 0.059375 0.2203125
2 0.51015625 0.48515625 0.075 0.2546875
2 0.80546875 0.3765625 0.071875 0.2390625
2 0.66015625 0.46796875 0.078125 0.2625
2 0.1828125 0.3625 0.0578125 0.2
2 0.88203125 0.078125 0.04375 0.1546875
2 0.63203125 0.36171875 0.0546875 0.19375
2 0.9546875 0.11328125 0.0453125 0.1640625
2 0.9640625 0.00625 0.0234375 0.0125
2 0.209375 0.9375 0.084375 0.125
2 0.79140625 0.10078125 0.04375 0.15625
2 0.91796875 0.0046875 0.028125 0.009375
1 0.66796875 0.36015625 0.0140625 0.0171875
1 0.6328125 0.290625 0.009375 0.0125
1 0.65546875 0.37890625 0.0140625 0.0171875
1 0.803125 0.29375 0.0125 0.015625
1 0.5140625 0.3875 0.015625 0.01875
1 0.1828125 0.2875 0.01171875 0.02109375
2 0.22734375 0.275 0.0390625 0.17578125
1 0.21171875 0.91640625 0.0203125 0.0234375
1 0.73828125 0.234375 0.0125 0.01953125
1 0.790625 0.04296875 0.00859375 0.009375
1 0.88125 0.0203125 0.01015625 0.01328125