0 0.9625 0.07734375 0.075 0.1546875
2 0.5828125 0.5421875 0.0765625 0.29375
2 0.44765625 0.83359375 0.08125 0.3234375
2 0.25390625 0.36484375 0.0625 0.2171875
2 0.303125 0.2046875 0.0484375 0.1703125
2 0.81015625 0.11171875 0.0453125 0.1734375
2 0.4859375 0.0875 0.0390625 0.159375
2 0.52109375 0.06640625 0.0390625 0.1328125
0 0.66484375 0.9625 0.3375 0.075
2 0.9 0.01328125 0.028125 0.0265625
1 0.4453125 0.7046875 0.01875 0.03125
1 0.58125 0.4421875 0.015625 0.01875
1 0.253125 0.284375 0.0125 0.015625
1 0.303125 0.140625 0.009375 0.0125