2 0.68671875 0.3859375 0.0703125 0.2578125
0 0.4015625 0.07578125 0.109375 0.1515625
2 0.5515625 0.478125 0.078125 0.2546875
2 0.6171875 0.31640625 0.0625 0.2171875
2 0.42734375 0.27109375 0.0609375 0.1953125
2 0.296875 0.57109375 0.078125 0.2703125
2 0.5125 0.18828125 0.0484375 0.1703125
2 0.19453125 0.8734375 0.0828125 0.253125
2 0.678125 0.10390625 0.05 0.1703125
2 0.54921875 0.059375 0.0375 0.11875
0 0.30078125 0.1671875 0.1328125 0.23125
2 0.4953125 0.0921875 0.04375 0.1515625
2 0.77265625 0.04375 0.0484375 0.0875
2 0.6546875 0.06171875 0.040625 0.121875
0 0.4703125 0.01875 0.06875 0.0359375
2 0.9921875 0.07421875 0.015625 0.1390625
2 0.9125 0.04375 0.0421875 0.0875
1 0.29609375 0.4796875 0.01875 0.03125
1 0.42578125 0.19765625 0.015625 0.02421875
1 0.5453125 0.390625 0.0171875 0.02578125
1 0.61640625 0.23671875 0.01484375 0.02421875