2 0.77890625 0.79296875 0.078125 0.29609375
2 0.6921875 0.5578125 0.06875 0.2359375
2 0.19609375 0.51640625 0.0546875 0.203125
2 0.1015625 0.63359375 0.06015625 0.2265625
0 0.65390625 0.071875 0.0609375 0.0859375
2 0.5796875 0.35 0.0484375 0.16875
2 0.59296875 0.47109375 0.05625 0.2125
2 0.146875 0.33359375 0.04140625 0.1671875
2 0.67265625 0.325 0.053125 0.190625
2 0.24296875 0.315625 0.0421875 0.1515625
2 0.27421875 0.27421875 0.0390625 0.1546875
2 0.18828125 0.24140625 0.03515625 0.140625
2 0.27734375 0.07421875 0.02734375 0.103125
0 0.6109375 0.02421875 0.04375 0.0484375
2 0.56171875 0.07421875 0.0234375 0.07734375
2 0.984375 0.86484375 0.03125 0.2703125
2 0.59296875 0.0921875 0.0234375 0.0921875
2 0.97265625 0.10703125 0.0265625 0.1171875
2 0.29765625 0.01484375 0.0203125 0.0296875
0 0.6953125 0.01015625 0.03671875 0.0203125
2 0.75625 0.0234375 0.01640625 0.046875
2 0.51796875 0.0765625 0.0203125 0.0796875
2 0.78984375 0.02421875 0.01484375 0.0484375
2 0.596875 0.03125 0.0171875 0.0625
2 0.53515625 0.06328125 0.0171875 0.06640625
1 0.1953125 0.43671875 0.01328125 0.01953125
1 0.68984375 0.47109375 0.01484375 0.0203125
2 0.946875 0.07421875 0.03046875 0.10859375
2 0.82265625 0.02734375 0.0171875 0.0546875
2 0.77265625 0.02421875 0.0171875 0.0484375
1 0.096875 0.54453125 0.01484375 0.021875