2 0.621875 0.42578125 0.05625 0.2125
2 0.84765625 0.86328125 0.09375 0.271875
2 0.71328125 0.5296875 0.0625 0.253125
2 0.6265625 0.2359375 0.040625 0.1515625
2 0.52890625 0.2828125 0.04375 0.1609375
2 0.5125 0.13984375 0.034375 0.1125
2 0.55546875 0.10859375 0.0265625 0.0984375
2 0.596875 0.121875 0.03125 0.103125
2 0.51015625 0.05234375 0.0203125 0.0671875
0 0.75 0.05703125 0.05625 0.0875
2 0.978125 0.10703125 0.0359375 0.121875
0 0.58359375 0.0203125 0.040625 0.040625
2 0.8921875 0.0953125 0.0265625 0.10859375
2 0.59453125 0.04765625 0.0171875 0.053125
2 0.534375 0.0390625 0.0171875 0.0625
2 0.55078125 0.03984375 0.0140625 0.05
1 0.709375 0.43125 0.0125 0.015625
1 0.528125 0.221875 0.009375 0.0125
1 0.84765625 0.76640625 0.0203125 0.0265625
1 0.61953125 0.34921875 0.0109375 0.0171875
1 0.62734375 0.18046875 0.01171875 0.015625
2 0.79453125 0.0359375 0.021875 0.07109375
2 0.83046875 0.04921875 0.02265625 0.08671875
2 0.9046875 0.0640625 0.02421875 0.10078125
2 0.84921875 0.03359375 0.01640625 0.06640625