0 0.81796875 0.70546875 0.21875 0.3875
0 0.8515625 0.32109375 0.15625 0.246875
0 0.9484375 0.1328125 0.103125 0.19375
2 0.3390625 0.30703125 0.0546875 0.1953125
2 0.36640625 0.17265625 0.0484375 0.1640625
2 0.12734375 0.6140625 0.0796875 0.2734375
2 0.19765625 0.47265625 0.078125 0.23125
2 0.53828125 0.51953125 0.0734375 0.2734375
2 0.41953125 0.275 0.05 0.1875
2 0.484375 0.1546875 0.0453125 0.1609375
2 0.634375 0.34921875 0.0671875 0.2109375
2 0.7296875 0.24140625 0.05 0.19375
2 0.7703125 0.159375 0.0453125 0.1578125
2 0.69609375 0.18203125 0.04375 0.1703125
2 0.81796875 0.08203125 0.04375 0.153125
2 0.1421875 0.91640625 0.109375 0.1671875
2 0.903125 0.01875 0.03125 0.0375
2 0.51015625 0.07109375 0.0390625 0.1421875
2 0.85 0.04609375 0.040625 0.0921875
2 0.22578125 0.3421875 0.0609375 0.19375
0 0.9765625 0.01875 0.046875 0.0375
2 0.5375 0.03671875 0.0265625 0.0734375
1 0.12890625 0.5140625 0.015625 0.02421875
1 0.140625 0.88984375 0.0265625 0.0328125
1 0.42109375 0.2078125 0.01171875 0.0203125
1 0.63125 0.2609375 0.01328125 0.0203125
1 0.6328125 0.3 0.01015625 0.0140625
1 0.22265625 0.2640625 0.01015625 0.015625
1 0.20546875 0.38203125 0.0125 0.0203125
1 0.484375 0.09765625 0.01171875 0.015625
1 0.5359375 0.42109375 0.0140625 0.02109375
1 0.3328125 0.2328125 0.01171875 0.01796875
1 0.69453125 0.12578125 0.01015625 0.01328125
1 0.7703125 0.0984375 0.0109375 0.0171875