2 0.26875 0.7828125 0.1640625 0.28046875
2 0.66484375 0.4734375 0.0734375 0.196875
2 0.93828125 0.3515625 0.0421875 0.140625
2 0.265625 0.54921875 0.06328125 0.2046875
2 0.38046875 0.33359375 0.04375 0.1359375
2 0.28984375 0.24609375 0.0375 0.1015625
2 0.15078125 0.26015625 0.0328125 0.10859375
2 0.40625 0.12109375 0.0203125 0.05546875
2 0.89453125 0.1609375 0.021875 0.065625
2 0.02890625 0.78515625 0.0578125 0.275
2 0.51015625 0.1234375 0.01875 0.05703125
1 0.26796875 0.4796875 0.0125 0.01875
0 0.44609375 0.09609375 0.05390625 0.04609375