0 0.3953125 0.3125 0.14375 0.228125
0 0.80859375 0.615625 0.2046875 0.33125
2 0.45859375 0.83828125 0.090625 0.3171875
2 0.59453125 0.56875 0.071875 0.28125
2 0.39375 0.6828125 0.084375 0.3078125
2 0.09765625 0.46953125 0.06875 0.2234375
2 0.68203125 0.23359375 0.0515625 0.1890625
2 0.253125 0.284375 0.05 0.1859375
2 0.5046875 0.13828125 0.04375 0.1625
2 0.14921875 0.3578125 0.0578125 0.1953125
2 0.36953125 0.12421875 0.04375 0.1296875
2 0.35 0.2078125 0.053125 0.134375
2 0.8953125 0.0140625 0.0296875 0.028125
2 0.87734375 0.03125 0.0296875 0.0625
1 0.4640625 0.71875 0.01875 0.028125
1 0.096875 0.3828125 0.0125 0.01875
1 0.14609375 0.28203125 0.0109375 0.0140625
1 0.35234375 0.1578125 0.0109375 0.0125
1 0.6796875 0.1609375 0.0125 0.015625
1 0.25234375 0.21328125 0.0109375 0.0140625
1 0.59609375 0.4625 0.01640625 0.02265625
1 0.50390625 0.07890625 0.01015625 0.01171875