0 0.35390625 0.78984375 0.1875 0.31875
2 0.8078125 0.56640625 0.06328125 0.221875
2 0.65546875 0.66796875 0.07265625 0.27421875
2 0.08046875 0.61875 0.06015625 0.2359375
2 0.56015625 0.3609375 0.04609375 0.1890625
2 0.228125 0.56953125 0.0640625 0.2421875
0 0.965625 0.23203125 0.06875 0.178125
0 0.61875 0.053125 0.05625 0.07890625
2 0.60859375 0.4046875 0.053125 0.19921875
2 0.21015625 0.1953125 0.0359375 0.1359375
2 0.81953125 0.825 0.07421875 0.309375
0 0.803125 0.05703125 0.0640625 0.0828125
2 0.92109375 0.815625 0.075 0.3265625
2 0.53046875 0.1765625 0.03515625 0.128125
2 0.6140625 0.2109375 0.04140625 0.1453125
2 0.2328125 0.12109375 0.03046875 0.1171875
2 0.6453125 0.16171875 0.03359375 0.1296875
2 0.5875 0.10390625 0.0265625 0.10546875
2 0.61328125 0.1171875 0.0296875 0.0953125
2 0.91640625 0.06640625 0.025 0.10234375
2 0.696875 0.00625 0.0140625 0.0125
2 0.759375 0.01796875 0.0140625 0.0359375
2 0.7265625 0.00859375 0.0125 0.0171875
2 0.134375 0.1625 0.0328125 0.1125
2 0.54375 0.0984375 0.01953125 0.090625
2 0.1671875 0.1546875 0.03046875 0.1125
1 0.81953125 0.703125 0.0203125 0.0328125
1 0.9109375 0.68828125 0.01796875 0.02890625
1 0.6515625 0.56484375 0.01796875 0.028125
1 0.6046875 0.3359375 0.0109375 0.01796875
2 0.49375 0.16015625 0.03125 0.1171875
2 0.83828125 0.0234375 0.01640625 0.04609375
1 0.08125 0.53046875 0.01328125 0.0171875
1 0.559375 0.28984375 0.0109375 0.0171875