0 0.79921875 0.878125 0.23046875 0.24375
2 0.53203125 0.72578125 0.08046875 0.3140625
2 0.37578125 0.6328125 0.07109375 0.28203125
2 0.68671875 0.2140625 0.0453125 0.175
2 0.08203125 0.53671875 0.071875 0.27265625
2 0.87734375 0.1421875 0.040625 0.1609375
2 0.70546875 0.33515625 0.0515625 0.203125
2 0.796875 0.1578125 0.04453125 0.1671875
2 0.4671875 0.95859375 0.0796875 0.0828125
2 0.41875 0.184375 0.03984375 0.14921875
2 0.96171875 0.01875 0.02421875 0.0375
2 0.5 0.0671875 0.03359375 0.134375
2 0.39921875 0.12109375 0.034375 0.1421875
2 0.52890625 0.0421875 0.0296875 0.084375
1 0.4671875 0.9625 0.025 0.0390625
1 0.703125 0.25703125 0.0125 0.01953125
1 0.37890625 0.525 0.01875 0.0265625
1 0.68359375 0.14765625 0.01015625 0.015625
1 0.534375 0.60078125 0.01796875 0.02734375
1 0.09296875 0.42421875 0.01328125 0.02578125
1 0.79765625 0.09609375 0.0109375 0.01640625
2 0.8484375 0.040625 0.025 0.08046875
2 0.44375 0.09453125 0.04296875 0.10078125
1 0.078125 0.44921875 0.01484375 0.02421875