2 0.20625 0.71640625 0.075 0.284375
2 0.53671875 0.64140625 0.06875 0.25625
2 0.61953125 0.434375 0.0515625 0.209375
2 0.7484375 0.64453125 0.06875 0.2625
2 0.62265625 0.84375 0.0828125 0.3109375
2 0.51171875 0.15625 0.03359375 0.1203125
2 0.59375 0.2140625 0.03828125 0.13828125
2 0.5578125 0.06875 0.021875 0.08125
2 0.9390625 0.05859375 0.025 0.10703125
2 0.5359375 0.0796875 0.021875 0.0875
0 0.73203125 0.025 0.059375 0.05
2 0.50546875 0.0375 0.0171875 0.06953125
1 0.61640625 0.3578125 0.0125 0.0171875
1 0.61796875 0.72578125 0.01796875 0.0234375
1 0.746875 0.546875 0.01640625 0.021875
1 0.5921875 0.1625 0.0078125 0.01328125
1 0.20546875 0.625 0.0140625 0.0234375