0 0.11875 0.7953125 0.2375 0.375
0 0.91015625 0.22265625 0.1390625 0.2078125
0 0.78671875 0.7984375 0.259375 0.403125
0 0.5171875 0.1234375 0.0984375 0.1671875
2 0.5140625 0.88671875 0.0921875 0.2265625
2 0.37109375 0.89609375 0.090625 0.2078125
2 0.72109375 0.4703125 0.0703125 0.2546875
2 0.2265625 0.41875 0.0640625 0.2234375
2 0.36015625 0.20078125 0.046875 0.1671875
2 0.31875 0.1796875 0.0484375 0.1703125
2 0.41171875 0.128125 0.0453125 0.15
2 0.75390625 0.19140625 0.046875 0.18125
2 0.80703125 0.06640625 0.0453125 0.1328125
2 0.1 0.496875 0.08125 0.234375
2 0.628125 0.3125 0.0546875 0.2078125
2 0.67109375 0.36015625 0.0578125 0.21875
2 0.51328125 0.02421875 0.0265625 0.0484375
1 0.0953125 0.40234375 0.015625 0.0234375
1 0.37109375 0.83515625 0.0203125 0.0234375
1 0.51328125 0.81796875 0.0234375 0.0328125
1 0.71953125 0.3765625 0.0140625 0.01875
1 0.221875 0.334375 0.0125 0.015625
1 0.6703125 0.27890625 0.009375 0.0140625
1 0.3609375 0.13671875 0.01015625 0.0140625
1 0.41171875 0.0703125 0.01015625 0.0140625
1 0.32578125 0.1125 0.0078125 0.0109375
1 0.31484375 0.128125 0.0078125 0.01171875
1 0.7546875 0.12421875 0.01015625 0.015625