2 0.49375 0.5953125 0.084375 0.265625
2 0.1703125 0.42890625 0.0625 0.2203125
2 0.73125 0.16796875 0.0453125 0.165625
2 0.91015625 0.096875 0.0453125 0.1578125
2 0.80234375 0.15625 0.046875 0.171875
2 0.98359375 0.05546875 0.0328125 0.1109375
2 0.9015625 0.03984375 0.0453125 0.0796875
2 0.85078125 0.09921875 0.040625 0.165625
1 0.16796875 0.3453125 0.0125 0.0171875
1 0.7953125 0.0890625 0.009375 0.0125
1 0.90703125 0.03203125 0.0078125 0.0109375
1 0.49609375 0.49921875 0.01640625 0.0265625
1 0.728125 0.103125 0.0109375 0.0140625
2 0.828125 0.08046875 0.03203125 0.15