0 0.8390625 0.690625 0.209375 0.35625
0 0.83671875 0.36328125 0.178125 0.3078125
2 0.265625 0.90078125 0.078125 0.1984375
2 0.3875 0.165625 0.04921875 0.1703125
0 0.93671875 0.11171875 0.1265625 0.2234375
2 0.14375 0.3921875 0.0609375 0.2046875
2 0.60703125 0.35 0.0609375 0.209375
2 0.31484375 0.24375 0.046875 0.1734375
0 0.9328125 0.14765625 0.11875 0.1546875
1 0.60390625 0.26484375 0.0109375 0.0171875
1 0.1390625 0.3140625 0.0125 0.01484375
1 0.3125 0.18125 0.0109375 0.0140625
1 0.38515625 0.10859375 0.009375 0.01640625
2 0.27265625 0.17265625 0.0375 0.15390625