0 0.8765625 0.34453125 0.1578125 0.2484375
0 0.94296875 0.15546875 0.1140625 0.1703125
2 0.590625 0.35859375 0.0640625 0.2125
2 0.26484375 0.43984375 0.0625 0.228125
2 0.3765625 0.15 0.0515625 0.159375
2 0.41640625 0.64140625 0.0765625 0.271875
2 0.48671875 0.84375 0.109375 0.3125
2 0.44609375 0.08671875 0.04375 0.14375
2 0.30625 0.25703125 0.0484375 0.178125
2 0.8015625 0.13046875 0.0515625 0.153125
2 0.815625 0.0546875 0.040625 0.109375
2 0.49609375 0.03671875 0.0390625 0.0734375
2 0.53046875 0.06875 0.0359375 0.1375
0 0.98828125 0.0375 0.0234375 0.0734375
2 0.91953125 0.00625 0.03125 0.0125
1 0.41640625 0.53359375 0.0171875 0.0265625
1 0.25859375 0.3515625 0.0140625 0.01875
1 0.30703125 0.190625 0.0109375 0.0125
1 0.59140625 0.28125 0.0140625 0.015625
1 0.44609375 0.034375 0.00625 0.01640625
1 0.53359375 0.0140625 0.00546875 0.0109375
2 0.88359375 0.0296875 0.0234375 0.059375