0 0.7921875 0.8671875 0.2765625 0.265625
2 0.0390625 0.771875 0.075 0.3
2 0.45625 0.91875 0.1046875 0.1625
2 0.503125 0.7421875 0.090625 0.3125
2 0.39921875 0.646875 0.0765625 0.290625
2 0.75234375 0.1359375 0.0453125 0.153125
2 0.81015625 0.23671875 0.05 0.19375
2 0.4953125 0.05625 0.0390625 0.1125
2 0.846875 0.265625 0.05 0.2078125
2 0.9359375 0.01875 0.0296875 0.0375
2 0.84140625 0.1375 0.05 0.1109375
2 0.51875 0.0125 0.040625 0.025
2 0.47265625 0.6390625 0.0703125 0.2796875
1 0.503125 0.61328125 0.01875 0.0234375
1 0.45546875 0.8765625 0.0203125 0.034375
1 0.40078125 0.54296875 0.0171875 0.0203125
1 0.46875 0.53359375 0.015625 0.0203125
1 0.80859375 0.16171875 0.0109375 0.02109375
1 0.8453125 0.18359375 0.0109375 0.0140625
1 0.8453125 0.10078125 0.00859375 0.0140625