2 0.38046875 0.89921875 0.09765625 0.2015625
2 0.4671875 0.2671875 0.0515625 0.19375
0 0.95078125 0.17421875 0.0984375 0.20078125
2 0.57421875 0.64609375 0.07578125 0.3
2 0.27265625 0.85546875 0.0765625 0.2890625
2 0.69453125 0.16640625 0.04453125 0.17734375
2 0.590625 0.17421875 0.046875 0.184375
2 0.5515625 0.25546875 0.0484375 0.196875
2 0.50234375 0.14296875 0.0453125 0.15625
2 0.54375 0.040625 0.04296875 0.08125
2 0.71953125 0.01953125 0.03359375 0.0390625
1 0.4671875 0.1953125 0.01328125 0.0203125
1 0.6953125 0.09921875 0.0125 0.01875
0 0.2984375 0.16640625 0.13203125 0.21953125