2 0.671875 0.19296875 0.053125 0.14375
2 0.190625 0.5359375 0.05625 0.20625
2 0.49921875 0.48671875 0.06953125 0.2140625
2 0.83203125 0.2453125 0.0546875 0.1578125
2 0.28984375 0.4609375 0.0546875 0.2125
2 0.11640625 0.39765625 0.05546875 0.19140625
2 0.64296875 0.6765625 0.08046875 0.25859375
2 0.14609375 0.11328125 0.0375 0.1359375
2 0.453125 0.0421875 0.03046875 0.08359375
2 0.4125 0.021875 0.03203125 0.04375
1 0.49921875 0.40546875 0.01484375 0.0203125
2 0.9125 0.8984375 0.10234375 0.20234375
2 0.846875 0.72109375 0.05859375 0.246875
1 0.2875 0.3796875 0.01484375 0.02265625