2 0.528125 0.9171875 0.0875 0.165625
2 0.61171875 0.5828125 0.071875 0.259375
2 0.26484375 0.26953125 0.05 0.1859375
2 0.57578125 0.7609375 0.0828125 0.315625
2 0.5953125 0.39921875 0.065625 0.23125
2 0.63984375 0.27265625 0.0546875 0.2015625
2 0.84375 0.0953125 0.0421875 0.1640625
2 0.52578125 0.0125 0.0265625 0.025
1 0.57265625 0.63671875 0.0171875 0.0203125
1 0.5953125 0.3078125 0.0125 0.01875
1 0.6109375 0.48515625 0.01171875 0.02109375
1 0.52734375 0.88125 0.01796875 0.0296875
1 0.84296875 0.03828125 0.00859375 0.0125