0 0.96328125 0.06015625 0.0734375 0.1203125
2 0.45625 0.66875 0.078125 0.284375
2 0.7046875 0.38125 0.059375 0.2203125
2 0.7203125 0.6484375 0.07109375 0.3109375
2 0.39296875 0.12890625 0.04140625 0.1578125
2 0.534375 0.103125 0.04375 0.153125
2 0.4421875 0.15546875 0.0453125 0.17421875
2 0.77109375 0.1375 0.0421875 0.1484375
1 0.4546875 0.56015625 0.01953125 0.03125
1 0.3953125 0.06953125 0.01015625 0.01640625
1 0.7203125 0.5296875 0.0171875 0.0296875
1 0.7046875 0.29609375 0.0140625 0.021875
2 0.45859375 0.046875 0.03046875 0.09296875
1 0.44375 0.1015625 0.009375 0.01640625