0 0.96171875 0.103125 0.0765625 0.178125
2 0.26796875 0.6359375 0.075 0.28125
2 0.375 0.83359375 0.078125 0.325
2 0.38515625 0.403125 0.059375 0.23125
2 0.5828125 0.3 0.0578125 0.2046875
2 0.59765625 0.50078125 0.0703125 0.2515625
0 0.30078125 0.16875 0.1328125 0.228125
0 0.3984375 0.07265625 0.1046875 0.1453125
2 0.696875 0.2734375 0.053125 0.2140625
2 0.65078125 0.06328125 0.04375 0.1265625
2 0.50703125 0.05546875 0.0375 0.1109375
2 0.61953125 0.04765625 0.0375 0.09375
2 0.74453125 0.10234375 0.040625 0.17109375
2 0.725 0.0421875 0.0453125 0.084375
0 0.46953125 0.02265625 0.065625 0.0453125
2 0.98828125 0.84296875 0.0234375 0.3125
1 0.69296875 0.19375 0.0140625 0.01875
1 0.3734375 0.715625 0.02265625 0.03828125
1 0.59765625 0.40546875 0.015625 0.02578125
1 0.3859375 0.3125 0.015625 0.02421875
2 0.7640625 0.02109375 0.028125 0.0421875
1 0.271875 0.53203125 0.0171875 0.0328125