0 0.86953125 0.37890625 0.1625 0.2484375
0 0.18515625 0.6015625 0.203125 0.2953125
2 0.11875 0.8328125 0.09375 0.1734375
0 0.49609375 0.05390625 0.1 0.1078125
0 0.86484375 0.05546875 0.1015625 0.1109375
2 0.46484375 0.8015625 0.0828125 0.325
2 0.63359375 0.62890625 0.0796875 0.2890625
2 0.59296875 0.446875 0.065625 0.25
0 0.6640625 0.91484375 0.3171875 0.16875
2 0.95 0.06015625 0.046875 0.11875
2 0.12890625 0.95703125 0.078125 0.0859375
1 0.46640625 0.6765625 0.0171875 0.025
1 0.12578125 0.77890625 0.0203125 0.0265625
1 0.59375 0.35390625 0.0125 0.0171875
1 0.63125 0.5171875 0.01875 0.021875