2 0.2375 0.8515625 0.07421875 0.275
2 0.5921875 0.58125 0.06796875 0.25546875
2 0.5921875 0.31953125 0.04921875 0.1828125
2 0.8015625 0.8453125 0.07578125 0.309375
2 0.603125 0.14375 0.04375 0.1453125
2 0.7546875 0.9109375 0.08515625 0.178125
2 0.5578125 0.0890625 0.0296875 0.10078125
2 0.54765625 0.02109375 0.021875 0.040625
2 0.57421875 0.04375 0.0234375 0.0859375
0 0.9734375 0.053125 0.053125 0.10625
2 0.26484375 0.96640625 0.0625 0.0671875
2 0.77265625 0.00625 0.021875 0.0125
2 0.53515625 0.0078125 0.0140625 0.015625
1 0.79375 0.73046875 0.01875 0.0296875
1 0.753125 0.86640625 0.01953125 0.0296875
1 0.5890625 0.48046875 0.01484375 0.02265625
1 0.22578125 0.746875 0.01796875 0.028125
0 0.88125 0.04921875 0.08125 0.0984375