0 0.74765625 0.421875 0.246875 0.2546875
0 0.21796875 0.675 0.4359375 0.3625
2 0.859375 0.234375 0.0625 0.18359375
2 0.9640625 0.1515625 0.05625 0.16875
2 0.865625 0.1390625 0.05703125 0.1515625
2 0.58359375 0.1921875 0.05234375 0.203125
2 0.48515625 0.18046875 0.059375 0.18203125
2 0.98984375 0.2234375 0.0203125 0.15
2 0.5265625 0.203125 0.0703125 0.18125
2 0.6671875 0.23359375 0.0703125 0.19453125
2 0.73125 0.22421875 0.0546875 0.1640625
0 0.85546875 0.021875 0.140625 0.04375
2 0.7671875 0.18671875 0.0484375 0.1875
1 0.7640625 0.12890625 0.0125 0.01796875
1 0.73984375 0.16640625 0.01484375 0.01953125
2 0.6078125 0.22265625 0.06328125 0.1921875
1 0.59375 0.1140625 0.0125 0.015625
2 0.54375 0.11171875 0.0546875 0.115625