0 0.92890625 0.5265625 0.1421875 0.278125
2 0.659375 0.8578125 0.0953125 0.2828125
0 0.29375 0.10234375 0.1046875 0.1890625
2 0.9546875 0.81640625 0.0875 0.3234375
2 0.11484375 0.2453125 0.04375 0.15
2 0.821875 0.9375 0.11875 0.125
2 0.53671875 0.11640625 0.0328125 0.1140625
2 0.52890625 0.015625 0.0203125 0.03125
0 0.7875 0.0296875 0.059375 0.059375
2 0.66171875 0.0265625 0.021875 0.053125
2 0.57578125 0.01953125 0.015625 0.0375
0 0.8296875 0.0234375 0.046875 0.046875
0 0.978125 0.11640625 0.04375 0.1625
2 0.55859375 0.00703125 0.015625 0.0140625
2 0.2328125 0.034375 0.0296875 0.06875
1 0.9515625 0.69296875 0.01875 0.0234375
1 0.6578125 0.7578125 0.021875 0.03125
1 0.11484375 0.18984375 0.0078125 0.0109375
1 0.81796875 0.95 0.0234375 0.03125