0 0.52265625 0.784375 0.246875 0.3609375
2 0.81015625 0.43203125 0.06875 0.25
2 0.4875 0.4765625 0.0796875 0.25
0 0.684375 0.92109375 0.234375 0.1578125
2 0.7140625 0.45078125 0.0671875 0.2390625
2 0.71640625 0.29375 0.05625 0.1796875
2 0.625 0.471875 0.071875 0.240625
2 0.71640625 0.16953125 0.0453125 0.140625
2 0.53359375 0.3390625 0.05625 0.1953125
2 0.8484375 0.0515625 0.034375 0.103125
2 0.81796875 0.1265625 0.0453125 0.1453125
2 0.459375 0.03984375 0.0375 0.078125
2 0.6015625 0.390625 0.065625 0.2234375
2 0.90234375 0.021875 0.0328125 0.04375
1 0.62109375 0.36875 0.0140625 0.01875
1 0.71484375 0.3515625 0.0140625 0.01875
1 0.715625 0.221875 0.009375 0.0125
1 0.80859375 0.34453125 0.0125 0.02265625
1 0.484375 0.38671875 0.015625 0.0171875
1 0.6015625 0.309375 0.0125 0.02109375