2 0.8375 0.87109375 0.078125 0.25625
2 0.35 0.92109375 0.0796875 0.1578125
2 0.6734375 0.8 0.0765625 0.30625
2 0.2296875 0.60625 0.0734375 0.253125
2 0.68671875 0.48828125 0.0640625 0.2
2 0.596875 0.43359375 0.05625 0.20625
2 0.540625 0.13046875 0.03125 0.103125
2 0.70703125 0.23203125 0.046875 0.16875
2 0.175 0.40703125 0.0515625 0.1859375
2 0.2046875 0.34296875 0.046875 0.1703125
2 0.24609375 0.13828125 0.0328125 0.1203125
2 0.58359375 0.32578125 0.0484375 0.146875
2 0.5796875 0.225 0.0390625 0.125
0 0.9578125 0.71640625 0.084375 0.328125
2 0.2734375 0.06015625 0.0328125 0.1
2 0.3328125 0.059375 0.0296875 0.090625
2 0.2625 0.22890625 0.0390625 0.14375
2 0.19140625 0.19140625 0.0375 0.1296875
2 0.5859375 0.13203125 0.0328125 0.10625
2 0.67109375 0.178125 0.0421875 0.1515625
2 0.56640625 0.05546875 0.0265625 0.084375
2 0.66875 0.390625 0.05625 0.1734375
2 0.1328125 0.1609375 0.03125 0.1140625
2 0.98359375 0.07265625 0.03125 0.1078125
2 0.89453125 0.1234375 0.034375 0.1203125
2 0.76328125 0.015625 0.0203125 0.03125
2 0.53671875 0.06171875 0.021875 0.0640625
2 0.7375 0.01171875 0.0171875 0.0234375
2 0.50078125 0.0296875 0.01875 0.059375
2 0.8015625 0.01796875 0.01875 0.0359375
2 0.5296875 0.0234375 0.0171875 0.046875
2 0.91015625 0.05703125 0.0265625 0.1015625
2 0.78203125 0.0109375 0.01875 0.021875
2 0.93515625 0.053125 0.0265625 0.09375
0 0.684375 0.0125 0.04375 0.025
2 0.278125 0.0171875 0.021875 0.034375
2 0.3375 0.0171875 0.0234375 0.034375
2 0.16015625 0.15078125 0.028125 0.115625
2 0.3421875 0.021875 0.021875 0.04375
1 0.68203125 0.41640625 0.0109375 0.0171875
1 0.22421875 0.50546875 0.0140625 0.0171875
1 0.66953125 0.12734375 0.0078125 0.0109375
1 0.6828125 0.38515625 0.0125 0.0140625
1 0.5953125 0.3515625 0.0125 0.015625
1 0.66953125 0.6875 0.0171875 0.025
1 0.18828125 0.1390625 0.0078125 0.009375
1 0.34921875 0.88671875 0.01796875 0.025
1 0.1734375 0.33828125 0.0109375 0.0171875
1 0.66171875 0.3296875 0.01171875 0.01953125