2 0.1390625 0.43125 0.059375 0.184375
2 0.2796875 0.671875 0.071875 0.2609375
2 0.37578125 0.8953125 0.090625 0.209375
0 0.9046875 0.1359375 0.071875 0.125
2 0.63359375 0.41484375 0.0546875 0.2046875
2 0.86953125 0.7078125 0.090625 0.296875
2 0.4125 0.7734375 0.0765625 0.2921875
2 0.20625 0.21328125 0.0390625 0.140625
2 0.2671875 0.17109375 0.0359375 0.1328125
2 0.58125 0.1765625 0.040625 0.1328125
2 0.5359375 0.14296875 0.0296875 0.09375
2 0.2609375 0.0734375 0.03125 0.109375
2 0.13203125 0.16015625 0.034375 0.115625
2 0.496875 0.1046875 0.0265625 0.0984375
2 0.5578125 0.06875 0.0234375 0.075
2 0.2953125 0.01484375 0.01875 0.0296875
2 0.3125 0.0234375 0.0203125 0.046875
2 0.58046875 0.09140625 0.0265625 0.075
2 0.5984375 0.07421875 0.025 0.0765625
2 0.23203125 0.01640625 0.0234375 0.0328125
2 0.784375 0.0125 0.0171875 0.025
2 0.5265625 0.03671875 0.01875 0.0671875
2 0.16015625 0.15234375 0.034375 0.1203125
2 0.715625 0.0125 0.025 0.025
2 0.50625 0.0234375 0.0203125 0.046875
2 0.5765625 0.03203125 0.021875 0.0609375
2 0.5953125 0.07890625 0.025 0.0828125
2 0.6 0.15078125 0.028125 0.1140625
1 0.86875 0.6140625 0.01875 0.025
1 0.2796875 0.56953125 0.015625 0.0171875
1 0.40859375 0.66328125 0.015625 0.025
1 0.371875 0.83984375 0.01875 0.0234375
1 0.63046875 0.34296875 0.0140625 0.02109375
1 0.2046875 0.1625 0.00859375 0.0109375
1 0.26328125 0.12421875 0.0078125 0.0109375