0 0.80625 0.70234375 0.228125 0.428125
2 0.3359375 0.8953125 0.109375 0.209375
2 0.56171875 0.86171875 0.0921875 0.2765625
2 0.89140625 0.184375 0.053125 0.1953125
2 0.79921875 0.1984375 0.05625 0.184375
2 0.72265625 0.17109375 0.0484375 0.1734375
2 0.83515625 0.07109375 0.04375 0.1421875
2 0.93125 0.01953125 0.0359375 0.0390625
2 0.91484375 0.0078125 0.0296875 0.015625
1 0.3546875 0.825 0.0234375 0.0328125
1 0.89140625 0.11640625 0.0109375 0.01875
1 0.79609375 0.1296875 0.0109375 0.0140625
2 0.5234375 0.05703125 0.0390625 0.1140625