0 0.9515625 0.1078125 0.096875 0.1984375
2 0.15859375 0.49609375 0.0765625 0.2515625
2 0.53125 0.68515625 0.0859375 0.3234375
2 0.78203125 0.17578125 0.04375 0.1859375
2 0.25234375 0.25390625 0.0515625 0.1828125
2 0.47734375 0.11015625 0.0390625 0.1515625
2 0.33515625 0.94765625 0.0734375 0.1046875
2 0.4390625 0.1421875 0.0421875 0.1671875
2 0.8828125 0.0203125 0.0328125 0.040625
1 0.3328125 0.9296875 0.021875 0.0375
1 0.52890625 0.571875 0.0171875 0.021875
1 0.15625 0.4046875 0.015625 0.01875
1 0.78203125 0.10234375 0.0109375 0.0140625
1 0.43984375 0.09375 0.00859375 0.0125
1 0.478125 0.05859375 0.00625 0.01328125