2 0.35 0.25859375 0.075 0.1984375
2 0.45859375 0.22265625 0.0453125 0.203125
2 0.909375 0.31328125 0.0640625 0.19765625
2 0.6796875 0.2578125 0.06015625 0.2015625
2 0.940625 0.47265625 0.07109375 0.23671875
2 0.5640625 0.196875 0.05234375 0.1921875
2 0.75625 0.22890625 0.0625 0.1875
2 0.83828125 0.16953125 0.05234375 0.1765625
2 0.92109375 0.11015625 0.0453125 0.16953125
2 0.59921875 0.228125 0.06484375 0.1984375
2 0.64765625 0.18046875 0.04609375 0.18671875
2 0.88671875 0.0265625 0.0421875 0.053125
2 0.965625 0.059375 0.03828125 0.11796875
2 0.81953125 0.05390625 0.046875 0.1078125
2 0.98984375 0.14375 0.0203125 0.1625
2 0.6140625 0.115625 0.053125 0.14375
1 0.46484375 0.1484375 0.0125 0.0171875
1 0.765625 0.15625 0.0109375 0.0171875
1 0.7640625 0.1203125 0.0109375 0.0140625
2 0.82421875 0.1296875 0.04375 0.165625
2 0.715625 0.125 0.05703125 0.15546875