2 0.37109375 0.509375 0.071875 0.20703125
2 0.56171875 0.48125 0.05703125 0.2109375
2 0.47421875 0.49296875 0.06640625 0.21875
2 0.28515625 0.5203125 0.053125 0.20546875
2 0.315625 0.33984375 0.04375 0.14921875
2 0.10234375 0.53828125 0.05859375 0.215625
2 0.03671875 0.51875 0.05703125 0.2109375
2 0.3265625 0.43984375 0.0515625 0.19296875
2 0.2 0.54140625 0.05703125 0.2078125
0 0.54453125 0.01875 0.1203125 0.0375
2 0.2578125 0.45078125 0.04375 0.19453125
1 0.3140625 0.28515625 0.0109375 0.01796875
2 0.52265625 0.42890625 0.04140625 0.19375
1 0.36953125 0.4328125 0.0125 0.02890625
2 0.0484375 0.4546875 0.05234375 0.19609375