0 0.903125 0.3109375 0.1546875 0.2625
2 0.65859375 0.47421875 0.065625 0.2609375
2 0.28984375 0.3296875 0.053125 0.209375
2 0.659375 0.2359375 0.05 0.1859375
2 0.22890625 0.35703125 0.0578125 0.20625
2 0.9671875 0.03046875 0.03125 0.059375
2 0.809375 0.24921875 0.0546875 0.2078125
2 0.703125 0.23203125 0.046875 0.190625
2 0.815625 0.05234375 0.0390625 0.103125
2 0.9921875 0.0375 0.015625 0.0734375
2 0.93046875 0.04609375 0.0390625 0.0921875
2 0.52578125 0.0125 0.0265625 0.025
1 0.65703125 0.165625 0.0109375 0.0125
1 0.22734375 0.28046875 0.0140625 0.0171875
1 0.7015625 0.16328125 0.00859375 0.01796875
1 0.809375 0.14140625 0.00859375 0.015625
1 0.80859375 0.1765625 0.009375 0.0125