0 0.94921875 0.08203125 0.1015625 0.1625
0 0.8734375 0.396875 0.178125 0.303125
0 0.3078125 0.45 0.165625 0.2671875
2 0.08828125 0.53828125 0.0828125 0.2296875
2 0.06171875 0.784375 0.090625 0.2734375
2 0.54296875 0.590625 0.071875 0.2828125
2 0.33125 0.23984375 0.046875 0.171875
2 0.31875 0.8984375 0.096875 0.203125
2 0.6 0.471875 0.0703125 0.2609375
2 0.69453125 0.42578125 0.06875 0.253125
2 0.8484375 0.17734375 0.053125 0.175
2 0.228125 0.33046875 0.0625 0.19375
2 0.4359375 0.0796875 0.04375 0.1515625
2 0.74375 0.1625 0.05 0.1640625
2 0.84453125 0.0578125 0.0421875 0.115625
2 0.77265625 0.1734375 0.046875 0.1796875
2 0.3640625 0.96484375 0.0859375 0.0703125
2 0.50390625 0.06953125 0.0375 0.13125
2 0.8640625 0.02109375 0.04375 0.0421875
1 0.32109375 0.8421875 0.0203125 0.03203125
1 0.059375 0.67890625 0.015625 0.0234375
1 0.5453125 0.48125 0.015625 0.021875
1 0.3296875 0.17890625 0.009375 0.0109375
1 0.60078125 0.375 0.0140625 0.021875
1 0.77109375 0.10703125 0.0109375 0.0140625
1 0.69453125 0.334375 0.01484375 0.02421875
1 0.3640625 0.978125 0.01796875 0.03046875