0 0.77890625 0.86015625 0.2578125 0.2796875
2 0.53125 0.684375 0.0796875 0.290625
2 0.66328125 0.34921875 0.0578125 0.2234375
2 0.37109375 0.18046875 0.046875 0.171875
2 0.43515625 0.92421875 0.0984375 0.15
2 0.0953125 0.61953125 0.06875 0.2703125
2 0.77578125 0.42890625 0.06875 0.2359375
2 0.90234375 0.15078125 0.05 0.1671875
2 0.72265625 0.2234375 0.05625 0.184375
2 0.79140625 0.284375 0.06875 0.1921875
2 0.85625 0.0921875 0.05 0.171875
2 0.78359375 0.1671875 0.0484375 0.153125
2 0.96015625 0.03046875 0.040625 0.0609375
2 0.5125 0.05 0.034375 0.1
2 0.79296875 0.05703125 0.0390625 0.1125
2 0.73828125 0.14140625 0.04375 0.13125
2 0.03671875 0.9609375 0.06875 0.078125
2 0.88359375 0.046875 0.034375 0.09375
2 0.15703125 0.32109375 0.0375 0.153125
1 0.0953125 0.51640625 0.015625 0.0203125
1 0.77734375 0.33515625 0.0140625 0.0171875
1 0.66328125 0.26328125 0.0140625 0.0171875
1 0.3703125 0.1140625 0.009375 0.0125
1 0.78515625 0.21875 0.0140625 0.0171875
1 0.53203125 0.57109375 0.0171875 0.0203125
1 0.44375 0.89296875 0.01875 0.0328125
1 0.7203125 0.1546875 0.0125 0.015625
1 0.784375 0.11015625 0.01015625 0.0140625