2 0.18203125 0.66640625 0.05625 0.2375
2 0.8734375 0.6796875 0.0734375 0.2765625
2 0.746875 0.6984375 0.08203125 0.30625
2 0.26484375 0.515625 0.06015625 0.2328125
2 0.2234375 0.27890625 0.04140625 0.153125
2 0.6734375 0.7796875 0.0765625 0.31328125
0 0.975 0.221875 0.05 0.1515625
2 0.109375 0.3125 0.040625 0.1640625
2 0.61875 0.253125 0.040625 0.1515625
2 0.7015625 0.17109375 0.0328125 0.1328125
2 0.65234375 0.13125 0.03515625 0.1203125
0 0.62421875 0.0390625 0.053125 0.078125
2 0.5390625 0.14296875 0.0296875 0.1109375
2 0.27734375 0.0234375 0.0203125 0.046875
2 0.50625 0.1 0.0265625 0.0890625
2 0.25234375 0.06796875 0.028125 0.0921875
0 0.8515625 0.0609375 0.084375 0.121875
2 0.5265625 0.05859375 0.021875 0.0734375
2 0.55 0.09296875 0.025 0.08125
2 0.57265625 0.06484375 0.0234375 0.078125
2 0.35234375 0.015625 0.01640625 0.03125
2 0.30703125 0.0140625 0.0203125 0.028125
2 0.2359375 0.02578125 0.021875 0.0515625
2 0.59296875 0.146875 0.02578125 0.1140625
0 0.58984375 0.01796875 0.03359375 0.0359375
2 0.93515625 0.10234375 0.0296875 0.121875
2 0.71015625 0.00546875 0.0140625 0.0109375
2 0.5921875 0.09375 0.025 0.065625
2 0.50234375 0.03046875 0.0171875 0.0578125
1 0.26484375 0.4421875 0.0140625 0.021875
1 0.221875 0.21875 0.01015625 0.01484375
1 0.61484375 0.19609375 0.009375 0.0140625
2 0.76640625 0.0609375 0.0265625 0.0859375
2 0.7953125 0.0265625 0.01875 0.053125
1 0.6671875 0.6875 0.015625 0.021875