2 0.02421875 0.39375 0.0484375 0.1859375
2 0.434375 0.484375 0.0703125 0.2125
2 0.2640625 0.2671875 0.04765625 0.1625
2 0.56328125 0.4875 0.0671875 0.20390625
2 0.35703125 0.521875 0.07109375 0.2328125
2 0.259375 0.5234375 0.05859375 0.2109375
2 0.103125 0.1078125 0.03671875 0.134375
2 0.18046875 0.321875 0.06484375 0.175
2 0.06875 0.03046875 0.0265625 0.0609375
2 0.02265625 0.27890625 0.0453125 0.1203125
2 0.940625 0.30546875 0.06796875 0.1859375
2 0.1640625 0.47890625 0.0640625 0.2046875
2 0.046875 0.11015625 0.0375 0.1375
1 0.25390625 0.440625 0.0140625 0.02109375
1 0.17890625 0.26171875 0.0109375 0.0171875