0 0.59375 0.40234375 0.14921875 0.2703125
0 0.1125 0.68125 0.2234375 0.3171875
2 0.38125 0.84765625 0.0828125 0.3015625
2 0.65546875 0.890625 0.0921875 0.21796875
0 0.40234375 0.07578125 0.1078125 0.1515625
2 0.30703125 0.70625 0.06796875 0.303125
2 0.53203125 0.31015625 0.053125 0.18046875
2 0.25546875 0.38359375 0.04609375 0.2125
2 0.559375 0.1125 0.0453125 0.17421875
0 0.96796875 0.0703125 0.0625 0.140625
2 0.66171875 0.053125 0.03984375 0.10625
0 0.30078125 0.16328125 0.1296875 0.215625
2 0.57265625 0.0609375 0.03125 0.121875
1 0.37890625 0.7328125 0.021875 0.028125
1 0.53203125 0.2453125 0.01328125 0.01875
2 0.49296875 0.04453125 0.0171875 0.0890625