2 0.26796875 0.903125 0.0796875 0.19375
2 0.4953125 0.77890625 0.09375 0.3234375
2 0.10625 0.51875 0.0640625 0.2421875
2 0.61796875 0.86015625 0.103125 0.278125
2 0.77578125 0.23203125 0.059375 0.1859375
2 0.2734375 0.33515625 0.0578125 0.196875
2 0.60859375 0.26796875 0.0421875 0.178125
1 0.60859375 0.76015625 0.0203125 0.0328125
1 0.2671875 0.8453125 0.01875 0.021875
1 0.5015625 0.6515625 0.01875 0.021875
1 0.1078125 0.42578125 0.015625 0.0171875
1 0.27265625 0.2625 0.00859375 0.01875
1 0.27265625 0.196875 0.009375 0.0171875
1 0.77734375 0.16484375 0.01171875 0.01484375
1 0.60859375 0.20078125 0.0109375 0.0140625
2 0.7953125 0.13046875 0.0359375 0.14765625