2 0.72265625 0.61640625 0.078125 0.2890625
2 0.76328125 0.25234375 0.0546875 0.196875
2 0.22109375 0.88359375 0.09921875 0.2328125
2 0.8578125 0.40546875 0.06875 0.25625
2 0.525 0.45078125 0.0796875 0.24375
2 0.453125 0.846875 0.0953125 0.30625
2 0.0203125 0.6265625 0.040625 0.2484375
2 0.93046875 0.0078125 0.0328125 0.015625
2 0.42890625 0.725 0.0921875 0.265625
1 0.22109375 0.80078125 0.0203125 0.0296875
1 0.00625 0.5296875 0.0125 0.01875
1 0.859375 0.30546875 0.015625 0.0203125
1 0.72265625 0.5125 0.0171875 0.021875
1 0.4390625 0.646875 0.01875 0.03359375
1 0.459375 0.7203125 0.021875 0.028125
1 0.45078125 0.759375 0.0171875 0.02109375
1 0.528125 0.36484375 0.0125 0.0171875
1 0.515625 0.359375 0.009375 0.01484375