2 0.75390625 0.7515625 0.07265625 0.30234375
0 0.75234375 0.1640625 0.09375 0.15078125
2 0.2609375 0.4328125 0.05234375 0.2
2 0.6140625 0.4359375 0.0609375 0.2296875
2 0.1484375 0.4984375 0.0546875 0.2078125
2 0.10390625 0.321875 0.0515625 0.16796875
2 0.30859375 0.36484375 0.05234375 0.1921875
2 0.64296875 0.06015625 0.02890625 0.1015625
2 0.6078125 0.1421875 0.040625 0.1421875
2 0.53046875 0.15078125 0.0328125 0.1328125
2 0.5578125 0.09609375 0.03125 0.1046875
2 0.534375 0.02734375 0.021875 0.0546875
2 0.6203125 0.01875 0.0203125 0.0375
2 0.27578125 0.05078125 0.03046875 0.1015625
2 0.96328125 0.134375 0.0375 0.13828125
2 0.55546875 0.01953125 0.0203125 0.0390625
2 0.83984375 0.0203125 0.02265625 0.03984375
2 0.58046875 0.025 0.0234375 0.05
0 0.89609375 0.0671875 0.0828125 0.11171875
1 0.60859375 0.34765625 0.01328125 0.02421875
1 0.75 0.63203125 0.01875 0.02578125
1 0.10234375 0.25703125 0.01171875 0.0171875
1 0.25859375 0.35625 0.0125 0.02109375
2 0.5859375 0.07578125 0.02421875 0.096875
2 0.9921875 0.06328125 0.015625 0.115625