0 0.9578125 0.2421875 0.084375 0.2
2 0.4953125 0.36484375 0.05 0.21640625
0 0.9609375 0.071875 0.0765625 0.14375
2 0.51796875 0.66171875 0.07421875 0.3
2 0.29453125 0.47578125 0.071875 0.2515625
2 0.39609375 0.59765625 0.071875 0.2875
2 0.6765625 0.12421875 0.04140625 0.1640625
0 0.3 0.16640625 0.134375 0.21875
2 0.5046875 0.20546875 0.05 0.16875
2 0.63359375 0.065625 0.03671875 0.1296875
2 0.5703125 0.03515625 0.03984375 0.0703125
2 0.52421875 0.1328125 0.04453125 0.14140625
2 0.72109375 0.02421875 0.02734375 0.0484375
0 0.453125 0.021875 0.090625 0.04375
2 0.4484375 0.0671875 0.02734375 0.13359375
1 0.40078125 0.4859375 0.0171875 0.02890625
1 0.503125 0.1421875 0.01328125 0.01796875
1 0.67734375 0.0640625 0.0109375 0.015625