0 0.46484375 0.5671875 0.2109375 0.38046875
0 0.4 0.078125 0.1078125 0.15625
2 0.23046875 0.6609375 0.07578125 0.28828125
0 0.93984375 0.06640625 0.109375 0.1328125
2 0.24453125 0.4421875 0.06640625 0.2359375
2 0.05859375 0.67421875 0.07734375 0.315625
2 0.2890625 0.328125 0.0609375 0.2078125
2 0.7421875 0.29453125 0.0578125 0.2015625
2 0.55390625 0.1125 0.04140625 0.15
2 0.60078125 0.37421875 0.0625 0.2328125
2 0.09453125 0.875 0.08125 0.25
2 0.48203125 0.1671875 0.04609375 0.16640625
2 0.62734375 0.1125 0.04609375 0.159375
2 0.4046875 0.35625 0.0609375 0.196875
2 0.5328125 0.21640625 0.0421875 0.1796875
0 0.29921875 0.16875 0.1328125 0.21875
2 0.59296875 0.246875 0.05 0.15625
2 0.46796875 0.334375 0.0546875 0.1140625
2 0.60546875 0.0703125 0.0328125 0.1375
2 0.67734375 0.0171875 0.03125 0.03359375
2 0.50546875 0.30859375 0.05625 0.1625
0 0.471875 0.0234375 0.05625 0.046875
1 0.4671875 0.30859375 0.015625 0.02890625
1 0.5046875 0.246875 0.01328125 0.02109375
1 0.40859375 0.284375 0.0140625 0.0234375
1 0.23203125 0.55078125 0.0171875 0.0328125
1 0.90625 0.05390625 0.009375 0.0109375
1 0.0640625 0.5453125 0.0171875 0.025
1 0.59375 0.1890625 0.01328125 0.02265625
1 0.5328125 0.14609375 0.0140625 0.02421875