2 0.5890625 0.1828125 0.046875 0.178125
2 0.48828125 0.365625 0.0578125 0.228125
0 0.4015625 0.07578125 0.1078125 0.1515625
2 0.19453125 0.82578125 0.0890625 0.303125
2 0.2703125 0.94140625 0.0828125 0.1171875
2 0.9703125 0.0984375 0.04375 0.1625
2 0.925 0.15625 0.046875 0.171875
0 0.47421875 0.021875 0.053125 0.04375
0 0.29765625 0.16796875 0.125 0.2265625
2 0.3890625 0.1953125 0.0484375 0.1640625
1 0.18828125 0.71015625 0.0203125 0.0328125
1 0.58984375 0.1171875 0.0109375 0.0125
1 0.484375 0.28984375 0.0109375 0.02109375
1 0.390625 0.1328125 0.0078125 0.0125