2 0.71640625 0.175 0.046875 0.1625
2 0.55 0.459375 0.065625 0.2453125
2 0.846875 0.246875 0.05625 0.1953125
2 0.36640625 0.1921875 0.05 0.1671875
2 0.9828125 0.1140625 0.034375 0.165625
2 0.9484375 0.16171875 0.0453125 0.175
2 0.896875 0.13203125 0.046875 0.1609375
2 0.8359375 0.13046875 0.0421875 0.1265625
2 0.98671875 0.01328125 0.0265625 0.0265625
2 0.91953125 0.00703125 0.03125 0.0140625
1 0.84375 0.171875 0.015625 0.01875
1 0.5484375 0.3640625 0.015625 0.01875
1 0.71640625 0.11328125 0.0140625 0.01875
1 0.95 0.09765625 0.009375 0.015625
2 0.8328125 0.03984375 0.0375 0.0796875