2 0.30859375 0.8953125 0.09375 0.2078125
2 0.7296875 0.50703125 0.0828125 0.278125
2 0.6234375 0.54140625 0.0734375 0.2625
2 0.67734375 0.74453125 0.084375 0.328125
2 0.16875 0.3375 0.0515625 0.1984375
2 0.81328125 0.1859375 0.0546875 0.1953125
2 0.4546875 0.04296875 0.0390625 0.084375
2 0.7828125 0.15234375 0.0453125 0.15625
2 0.915625 0.02578125 0.034375 0.0515625
2 0.88125 0.04140625 0.034375 0.0828125
1 0.30546875 0.82734375 0.0203125 0.0265625
1 0.80703125 0.11640625 0.0109375 0.0140625
1 0.73046875 0.4140625 0.0140625 0.01875
1 0.625 0.440625 0.015625 0.021875
1 0.16953125 0.26328125 0.01015625 0.0171875
1 0.67421875 0.634375 0.01796875 0.02890625