2 0.37734375 0.8765625 0.1015625 0.246875
0 0.49921875 0.140625 0.1203125 0.165625
0 0.9234375 0.1828125 0.1265625 0.2078125
2 0.59296875 0.6515625 0.090625 0.3
2 0.68046875 0.41953125 0.075 0.253125
2 0.809375 0.33359375 0.0671875 0.2390625
2 0.76875 0.21015625 0.0484375 0.1859375
2 0.80234375 0.1359375 0.0390625 0.153125
2 0.74453125 0.1515625 0.0375 0.153125
2 0.85546875 0.0625 0.0375 0.125
2 0.81640625 0.0484375 0.0328125 0.096875
2 0.90390625 0.04609375 0.0359375 0.0921875
2 0.83203125 0.1140625 0.0390625 0.15625
1 0.68359375 0.31640625 0.0125 0.015625
1 0.378125 0.825 0.02109375 0.02890625