0 0.78125 0.71484375 0.2328125 0.4203125
2 0.43046875 0.7 0.09375 0.315625
2 0.5828125 0.38671875 0.0734375 0.2265625
2 0.29296875 0.421875 0.065625 0.2203125
2 0.18515625 0.5453125 0.0703125 0.2546875
2 0.46328125 0.20078125 0.0546875 0.1859375
2 0.71328125 0.2078125 0.046875 0.18125
2 0.1 0.79453125 0.1 0.2421875
2 0.2375 0.30390625 0.0546875 0.1890625
2 0.07265625 0.5 0.0703125 0.178125
2 0.73125 0.3375 0.0640625 0.2109375
2 0.553125 0.55859375 0.06875 0.2578125
2 0.07421875 0.6640625 0.071875 0.25625
2 0.15234375 0.40390625 0.0625 0.21875
2 0.8078125 0.06796875 0.04375 0.1359375
2 0.38359375 0.28671875 0.0515625 0.1953125
2 0.3421875 0.25703125 0.053125 0.1765625
2 0.47578125 0.05390625 0.0375 0.1078125
2 0.3609375 0.15234375 0.0453125 0.1375
2 0.20703125 0.17578125 0.040625 0.1640625
1 0.5796875 0.3015625 0.015625 0.01875
1 0.0921875 0.7109375 0.01875 0.025
1 0.34375 0.1890625 0.0125 0.015625
1 0.55546875 0.45859375 0.0140625 0.0203125
1 0.428125 0.609375 0.015625 0.028125
1 0.0734375 0.4359375 0.015625 0.01875
1 0.4625 0.13203125 0.0125 0.0140625
1 0.18359375 0.446875 0.0140625 0.01875
1 0.73203125 0.2578125 0.0109375 0.0125
1 0.07578125 0.56796875 0.01484375 0.028125
1 0.2890625 0.34453125 0.0125 0.01875
1 0.38359375 0.215625 0.0109375 0.015625