0 0.75625 0.83046875 0.271875 0.3375
2 0.403125 0.90625 0.0984375 0.1875
2 0.821875 0.30859375 0.0625 0.2109375
2 0.52421875 0.72578125 0.0828125 0.290625
2 0.51875 0.546875 0.0765625 0.19375
2 0.3484375 0.184375 0.0546875 0.1765625
2 0.084375 0.48828125 0.078125 0.23125
2 0.696875 0.4921875 0.0734375 0.2625
2 0.7015625 0.18359375 0.0515625 0.1765625
2 0.615625 0.40078125 0.065625 0.228125
2 0.3796875 0.275 0.0578125 0.1859375
2 0.64296875 0.275 0.053125 0.1953125
1 0.521875 0.4796875 0.015625 0.021875
1 0.615625 0.3109375 0.01328125 0.02265625
1 0.8203125 0.228125 0.0125 0.015625
1 0.69765625 0.39296875 0.01640625 0.025
2 0.9015625 0.0359375 0.04765625 0.07109375