2 0.51796875 0.4671875 0.065625 0.2328125
0 0.40078125 0.07734375 0.10625 0.1546875
2 0.1078125 0.6671875 0.084375 0.2734375
2 0.6390625 0.14765625 0.0453125 0.184375
0 0.97265625 0.44609375 0.0546875 0.24375
2 0.55234375 0.93359375 0.10625 0.1328125
2 0.5859375 0.08046875 0.040625 0.1515625
2 0.6640625 0.0640625 0.04375 0.128125
2 0.60859375 0.04140625 0.0375 0.0828125
0 0.4734375 0.02265625 0.0546875 0.0453125
0 0.29765625 0.1671875 0.1296875 0.23125
2 0.38515625 0.74609375 0.0984375 0.2953125
2 0.38125 0.87265625 0.1 0.253125
2 0.9890625 0.09765625 0.021875 0.1609375
1 0.51640625 0.37890625 0.01796875 0.0296875
1 0.0984375 0.5640625 0.01875 0.02890625