2 0.50234375 0.84296875 0.0875 0.3125
0 0.94140625 0.11796875 0.1140625 0.2203125
2 0.4015625 0.81171875 0.0984375 0.35
2 0.18828125 0.32109375 0.0515625 0.1890625
2 0.7125 0.64609375 0.08125 0.315625
2 0.65 0.34609375 0.0609375 0.21875
2 0.78828125 0.14609375 0.0421875 0.1515625
2 0.86171875 0.05078125 0.04375 0.1015625
2 0.80234375 0.08125 0.04375 0.1484375
1 0.39765625 0.6875 0.0203125 0.028125
1 0.496875 0.728125 0.01875 0.0265625
1 0.1859375 0.2484375 0.01015625 0.01640625
1 0.64765625 0.2640625 0.0125 0.0203125