0 0.9515625 0.11328125 0.096875 0.1625
2 0.69375 0.92734375 0.0921875 0.1453125
2 0.44453125 0.903125 0.084375 0.19375
2 0.509375 0.67578125 0.0734375 0.284375
2 0.2625 0.37265625 0.0640625 0.2140625
2 0.6265625 0.30703125 0.0515625 0.1953125
2 0.409375 0.1765625 0.046875 0.1640625
2 0.0859375 0.63046875 0.078125 0.2625
2 0.1765625 0.36015625 0.053125 0.1984375
2 0.33203125 0.2984375 0.0515625 0.19375
2 0.47265625 0.07265625 0.0390625 0.14375
2 0.2796875 0.24375 0.0484375 0.159375
2 0.934375 0.0203125 0.0328125 0.040625
0 0.5484375 0.07265625 0.0625 0.1453125
1 0.69140625 0.9015625 0.021875 0.034375
1 0.45078125 0.84140625 0.0203125 0.0265625
1 0.33125 0.22890625 0.01171875 0.01640625
1 0.08515625 0.5296875 0.01953125 0.02265625
1 0.1734375 0.2875 0.01015625 0.01875