0 0.40234375 0.0765625 0.1078125 0.153125
2 0.48359375 0.18046875 0.04375 0.1765625
2 0.4046875 0.77265625 0.0921875 0.353125
2 0.528125 0.29609375 0.053125 0.203125
2 0.97578125 0.25 0.0484375 0.184375
2 0.3984375 0.259375 0.05 0.1796875
2 0.6671875 0.0234375 0.0421875 0.046875
2 0.615625 0.06484375 0.0390625 0.1296875
0 0.47421875 0.021875 0.053125 0.04375
2 0.59609375 0.04296875 0.0328125 0.0859375
0 0.3015625 0.16875 0.13125 0.2265625
0 0.91796875 0.1171875 0.109375 0.1859375
1 0.396875 0.71484375 0.015625 0.03046875
1 0.40234375 0.659375 0.0171875 0.03125
1 0.52890625 0.2203125 0.01171875 0.021875
1 0.4 0.1890625 0.0109375 0.02109375
0 0.94609375 0.0328125 0.09140625 0.065625
1 0.48359375 0.11328125 0.01015625 0.01640625