0 0.91484375 0.20625 0.121875 0.196875
2 0.56640625 0.61484375 0.0875 0.2796875
2 0.14921875 0.403125 0.0625 0.21875
2 0.62421875 0.44765625 0.078125 0.2453125
2 0.846875 0.30390625 0.065625 0.228125
2 0.73984375 0.3671875 0.0671875 0.2328125
2 0.7015625 0.19765625 0.053125 0.1796875
2 0.77109375 0.4390625 0.065625 0.24375
2 0.4421875 0.54140625 0.071875 0.2625
2 0.86875 0.084375 0.04375 0.15625
2 0.9765625 0.02734375 0.0375 0.0546875
2 0.34609375 0.10390625 0.0421875 0.1453125
1 0.621875 0.35703125 0.015625 0.0171875
1 0.7703125 0.34453125 0.015625 0.0203125
1 0.44296875 0.44609375 0.0140625 0.0171875
1 0.14609375 0.31875 0.0109375 0.0125
1 0.6953125 0.12578125 0.0125 0.0140625
1 0.734375 0.278125 0.0125 0.01875
1 0.84453125 0.228125 0.0125 0.01875
1 0.86953125 0.0296875 0.009375 0.015625