0 0.72265625 0.83203125 0.21015625 0.3359375
0 0.6078125 0.60390625 0.20234375 0.290625
2 0.8484375 0.31875 0.0515625 0.209375
2 0.53671875 0.40390625 0.065625 0.23046875
2 0.74921875 0.3484375 0.0515625 0.215625
2 0.75859375 0.13984375 0.03984375 0.15625
2 0.73203125 0.2265625 0.05 0.1625
2 0.84453125 0.0796875 0.034375 0.1515625
2 0.67421875 0.35859375 0.059375 0.2171875
2 0.459375 0.03984375 0.0359375 0.078125
2 0.9125 0.015625 0.0265625 0.03125
2 0.63671875 0.31484375 0.059375 0.2109375
2 0.60546875 0.26328125 0.0484375 0.1890625
2 0.87109375 0.0375 0.0328125 0.075
1 0.67265625 0.28203125 0.0140625 0.02109375
1 0.63515625 0.2375 0.0140625 0.021875
1 0.73125 0.1671875 0.01171875 0.0171875
1 0.74921875 0.26171875 0.0140625 0.0203125