0 0.9421875 0.1609375 0.115625 0.171875
2 0.41640625 0.64140625 0.084375 0.296875
0 0.4015625 0.07578125 0.1078125 0.1515625
2 0.0796875 0.71953125 0.0828125 0.3109375
2 0.43515625 0.25234375 0.0484375 0.1953125
2 0.271875 0.796875 0.0859375 0.3140625
2 0.32109375 0.3765625 0.0609375 0.1984375
2 0.2859375 0.32578125 0.053125 0.1984375
2 0.9515625 0.01875 0.0359375 0.0375
2 0.6515625 0.01640625 0.0359375 0.0328125
0 0.47421875 0.02265625 0.053125 0.0453125
2 0.98828125 0.04375 0.0234375 0.0875
1 0.32109375 0.29453125 0.01328125 0.0234375
1 0.41328125 0.5453125 0.0171875 0.02734375
1 0.26796875 0.678125 0.02109375 0.034375
1 0.08515625 0.5953125 0.01875 0.03671875
0 0.29921875 0.165625 0.1375 0.22578125
1 0.43515625 0.178125 0.01171875 0.02109375