2 0.1234375 0.82734375 0.09453125 0.1796875
2 0.60546875 0.6171875 0.0765625 0.2953125
2 0.4578125 0.5546875 0.075 0.2703125
2 0.31328125 0.84453125 0.0953125 0.3078125
2 0.20703125 0.7546875 0.0796875 0.2953125
2 0.28828125 0.5703125 0.08125 0.259375
2 0.58359375 0.3078125 0.0625 0.2078125
2 0.3265625 0.40859375 0.0734375 0.23125
2 0.759375 0.0890625 0.0484375 0.1734375
2 0.5359375 0.8296875 0.090625 0.3265625
2 0.278125 0.35078125 0.0578125 0.221875
2 0.490625 0.07265625 0.040625 0.14375
2 0.59765625 0.0640625 0.040625 0.128125
2 0.66953125 0.17734375 0.046875 0.18046875
0 0.3015625 0.16484375 0.1328125 0.221875
2 0.134375 0.9578125 0.0890625 0.084375
2 0.6484375 0.03671875 0.040625 0.0734375
2 0.6453125 0.14765625 0.03125 0.1671875
0 0.98359375 0.571875 0.0328125 0.321875
0 0.44765625 0.02265625 0.084375 0.0453125
2 0.66015625 0.05546875 0.040625 0.084375
1 0.45703125 0.45234375 0.01640625 0.02734375
1 0.53671875 0.71328125 0.02265625 0.03984375
1 0.2890625 0.46875 0.01796875 0.03046875
1 0.58046875 0.23515625 0.01484375 0.025
2 0.515625 0.2203125 0.04765625 0.17421875
2 0.54609375 0.11640625 0.040625 0.15859375
1 0.3234375 0.3296875 0.01171875 0.01953125