0 0.29921875 0.1671875 0.134375 0.2234375
2 0.48046875 0.459375 0.065625 0.2109375
2 0.5359375 0.17578125 0.0484375 0.1828125
2 0.7 0.3703125 0.0609375 0.2203125
2 0.68828125 0.57578125 0.06875 0.2890625
2 0.47109375 0.653125 0.0828125 0.3015625
2 0.19375 0.5125 0.065625 0.253125
2 0.4734375 0.0453125 0.0359375 0.090625
2 0.6375 0.059375 0.0375 0.11875
0 0.453125 0.021875 0.090625 0.04375
2 0.775 0.0109375 0.0390625 0.021875
2 0.61015625 0.0390625 0.0328125 0.078125
1 0.6859375 0.46640625 0.0171875 0.0296875
1 0.47578125 0.38671875 0.0140625 0.02265625
1 0.6984375 0.28984375 0.01484375 0.02578125