0 0.94140625 0.09609375 0.115625 0.1921875
2 0.36640625 0.3296875 0.0578125 0.2015625
2 0.64375 0.38671875 0.065625 0.2234375
2 0.1359375 0.36953125 0.053125 0.2
2 0.44375 0.56328125 0.0765625 0.271875
2 0.6859375 0.28515625 0.0546875 0.2015625
2 0.2796875 0.33203125 0.053125 0.2015625
2 0.53046875 0.09609375 0.040625 0.153125
2 0.7625 0.1359375 0.0453125 0.1609375
2 0.8390625 0.07109375 0.04375 0.1421875
2 0.36640625 0.215625 0.0484375 0.103125
2 0.36953125 0.14921875 0.0421875 0.090625
1 0.44609375 0.46015625 0.0140625 0.0171875
1 0.27890625 0.25546875 0.0109375 0.0140625
1 0.13203125 0.29375 0.0109375 0.0125
1 0.36328125 0.2546875 0.0109375 0.0171875