0 0.93515625 0.115625 0.1125 0.17578125
2 0.11015625 0.4578125 0.06015625 0.221875
2 0.38515625 0.4828125 0.06484375 0.23203125
2 0.50546875 0.38203125 0.05546875 0.2234375
0 0.29921875 0.16484375 0.13359375 0.2125
2 0.7015625 0.2203125 0.04609375 0.19140625
2 0.41953125 0.05234375 0.046875 0.1046875
2 0.65078125 0.1390625 0.03828125 0.165625
2 0.54140625 0.0515625 0.0375 0.103125
2 0.77421875 0.05859375 0.0390625 0.1171875
0 0.67265625 0.03671875 0.0875 0.0734375
0 0.4578125 0.02265625 0.07890625 0.0453125
2 0.2828125 0.3359375 0.059375 0.1328125
1 0.134375 0.36953125 0.01484375 0.02421875
1 0.703125 0.1484375 0.01171875 0.01640625