0 0.93515625 0.659375 0.1296875 0.36875
2 0.58671875 0.35625 0.05 0.1890625
2 0.5828125 0.80234375 0.0765625 0.315625
2 0.70390625 0.46015625 0.059375 0.221875
2 0.6703125 0.8890625 0.0921875 0.221875
2 0.6359375 0.2390625 0.046875 0.16875
2 0.134375 0.446875 0.0546875 0.19375
2 0.22421875 0.3140625 0.0453125 0.1671875
2 0.52109375 0.22265625 0.040625 0.146875
2 0.275 0.22734375 0.0390625 0.1390625
2 0.59296875 0.1296875 0.03125 0.1140625
2 0.55078125 0.1703125 0.0390625 0.13125
2 0.24296875 0.1296875 0.0296875 0.1171875
2 0.27265625 0.0109375 0.01875 0.021875
0 0.60625 0.02265625 0.040625 0.0453125
0 0.6765625 0.009375 0.05 0.01875
2 0.53515625 0.08203125 0.01875 0.0703125
2 0.765625 0.0171875 0.0203125 0.034375
2 0.97421875 0.09765625 0.0203125 0.065625
0 0.5875 0.0140625 0.0375 0.028125
2 0.52421875 0.015625 0.015625 0.03125
2 0.55546875 0.090625 0.021875 0.075
0 0.58125 0.01484375 0.0265625 0.0296875
2 0.5578125 0.0625 0.0203125 0.0578125
1 0.665625 0.82421875 0.021875 0.0296875
1 0.584375 0.68828125 0.01875 0.0234375
1 0.51953125 0.165625 0.0109375 0.0125
1 0.7046875 0.37265625 0.0125 0.0140625
1 0.13125 0.37578125 0.0125 0.0140625
1 0.22265625 0.25546875 0.009375 0.0171875
1 0.275 0.17578125 0.00859375 0.01328125
1 0.5859375 0.2875 0.009375 0.01484375
1 0.63515625 0.1828125 0.01015625 0.0140625
1 0.14453125 0.37734375 0.0125 0.01484375
2 0.94765625 0.06484375 0.02109375 0.10078125
2 0.925 0.09375 0.02578125 0.11171875