2 0.52578125 0.9203125 0.0875 0.159375
0 0.959375 0.1359375 0.08125 0.1375
2 0.54296875 0.5578125 0.0734375 0.25625
2 0.67734375 0.7046875 0.0875 0.2953125
2 0.18046875 0.41015625 0.0609375 0.2
0 0.92109375 0.67109375 0.1578125 0.5453125
2 0.65234375 0.29609375 0.0578125 0.1859375
2 0.534375 0.11328125 0.03125 0.1171875
0 0.7828125 0.021875 0.0703125 0.04375
0 0.634375 0.02734375 0.0546875 0.0546875
2 0.5703125 0.13671875 0.0390625 0.125
0 0.678125 0.03984375 0.0625 0.0796875
2 0.24453125 0.053125 0.02890625 0.10546875
2 0.5640625 0.05859375 0.025 0.0796875
2 0.66875 0.08125 0.0328125 0.1125
2 0.596875 0.07265625 0.025 0.0953125
2 0.01953125 0.3515625 0.0390625 0.16875
2 0.865625 0.01328125 0.021875 0.0265625
2 0.5546875 0.028125 0.021875 0.05625
1 0.5265625 0.878125 0.01875 0.025
1 0.540625 0.459375 0.015625 0.021875
1 0.18046875 0.33984375 0.0109375 0.0140625
1 0.64609375 0.22265625 0.0109375 0.0140625
1 0.6765625 0.6046875 0.01484375 0.0203125
2 0.5265625 0.0296875 0.0203125 0.059375
0 0.9 0.07578125 0.071875 0.10546875
2 0.9671875 0.03359375 0.028125 0.0671875
2 0.925 0.02265625 0.02109375 0.0453125