0 0.8890625 0.35703125 0.15859375 0.28125
2 0.4140625 0.69453125 0.065625 0.2734375
2 0.41796875 0.8859375 0.1 0.228125
2 0.525 0.56796875 0.0671875 0.26640625
2 0.60859375 0.665625 0.0875 0.309375
2 0.33671875 0.2578125 0.05703125 0.17890625
2 0.725 0.18515625 0.0453125 0.1703125
2 0.7890625 0.0921875 0.03828125 0.15390625
2 0.4765625 0.11484375 0.0421875 0.1515625
2 0.40703125 0.12421875 0.046875 0.13828125
0 0.94609375 0.11484375 0.10703125 0.175
2 0.83203125 0.0578125 0.03671875 0.115625
1 0.425 0.8109375 0.02265625 0.03203125
1 0.603125 0.55859375 0.0171875 0.0296875
2 0.53046875 0.06015625 0.03046875 0.1203125
2 0.89609375 0.02890625 0.0234375 0.05625
1 0.53125 0.4703125 0.01796875 0.02421875