0 0.67109375 0.0484375 0.071875 0.0921875
2 0.6609375 0.52734375 0.078125 0.2515625
0 0.8421875 0.0453125 0.0765625 0.090625
2 0.28515625 0.43359375 0.0578125 0.2015625
2 0.91875 0.42265625 0.0640625 0.2203125
2 0.5640625 0.23359375 0.0484375 0.171875
2 0.7515625 0.4484375 0.065625 0.2359375
2 0.63359375 0.21015625 0.0453125 0.1609375
2 0.621875 0.0125 0.01875 0.025
2 0.54453125 0.021875 0.0234375 0.04375
2 0.59609375 0.07265625 0.03125 0.078125
2 0.59140625 0.13515625 0.0328125 0.11875
2 0.578125 0.01953125 0.0203125 0.0390625
0 0.7375 0.00625 0.0671875 0.0125
0 0.9578125 0.11875 0.084375 0.146875
2 0.24296875 0.06953125 0.0265625 0.1234375
1 0.2828125 0.3578125 0.0125 0.015625
1 0.746875 0.365625 0.0125 0.015625
1 0.56640625 0.1703125 0.0109375 0.0125
1 0.659375 0.42578125 0.015625 0.0203125
1 0.9171875 0.33984375 0.01484375 0.01796875