0 0.9359375 0.23984375 0.128125 0.20703125
2 0.6890625 0.2453125 0.059375 0.2078125
2 0.753125 0.19140625 0.05703125 0.18828125
2 0.47578125 0.184375 0.06171875 0.18984375
2 0.60703125 0.21953125 0.059375 0.19375
2 0.8890625 0.121875 0.04375 0.17734375
2 0.52265625 0.13515625 0.0703125 0.1703125
2 0.746875 0.11484375 0.05234375 0.16640625
2 0.9859375 0.4046875 0.028125 0.17265625
2 0.57265625 0.18984375 0.0515625 0.1921875
2 0.496875 0.78046875 0.16875 0.28046875
2 0.02734375 0.64375 0.0546875 0.259375
2 0.37890625 0.925 0.1734375 0.15
2 0.83515625 0.12578125 0.05 0.159375
1 0.6171875 0.14375 0.0109375 0.01796875
1 0.7640625 0.11796875 0.0109375 0.01640625