2 0.68125 0.23359375 0.05859375 0.196875
2 0.834375 0.17421875 0.05625 0.175
2 0.89921875 0.13203125 0.046875 0.18359375
2 0.6046875 0.215625 0.06015625 0.18671875
2 0.47734375 0.1953125 0.0515625 0.209375
2 0.56015625 0.19609375 0.05625 0.18671875
2 0.05859375 0.53203125 0.11484375 0.259375
2 0.62421875 0.1015625 0.04375 0.09375
2 0.5109375 0.14765625 0.0453125 0.17265625
0 0.67578125 0.85234375 0.6484375 0.2953125
0 0.82421875 0.11015625 0.17421875 0.1828125
2 0.65625 0.159375 0.0640625 0.1625
2 0.55625 0.1546875 0.053125 0.1828125
1 0.57265625 0.0578125 0.0109375 0.0171875
1 0.84296875 0.10546875 0.01171875 0.01484375
2 0.7890625 0.2171875 0.05078125 0.1796875
1 0.79453125 0.15078125 0.01328125 0.0171875