0 0.86015625 0.40390625 0.175 0.3078125
2 0.67578125 0.7765625 0.0859375 0.3296875
2 0.7890625 0.1703125 0.0515625 0.1765625
2 0.40234375 0.896875 0.0984375 0.20625
2 0.225 0.65625 0.0859375 0.2703125
2 0.6609375 0.4515625 0.06875 0.253125
2 0.7171875 0.31171875 0.0625 0.221875
2 0.5859375 0.52734375 0.0703125 0.2609375
2 0.40546875 0.71796875 0.090625 0.2625
2 0.81953125 0.075 0.0453125 0.15
2 0.9171875 0.06171875 0.04375 0.1234375
2 0.4953125 0.0984375 0.04375 0.15
2 0.678125 0.221875 0.0515625 0.203125
2 0.30390625 0.2828125 0.05625 0.1671875
2 0.97265625 0.0125 0.0328125 0.025
2 0.5203125 0.0375 0.0328125 0.075
2 0.3140625 0.21953125 0.0578125 0.196875
1 0.6765625 0.64296875 0.01875 0.0296875
1 0.41796875 0.8234375 0.0203125 0.028125
1 0.40546875 0.62265625 0.0171875 0.0234375
1 0.30234375 0.21328125 0.0109375 0.0171875
1 0.58515625 0.4265625 0.0140625 0.01875
1 0.790625 0.1015625 0.009375 0.0125
1 0.3203125 0.15546875 0.0125 0.0140625
1 0.39453125 0.8421875 0.01796875 0.025
1 0.66015625 0.35703125 0.0125 0.02578125
2 0.384375 0.0859375 0.03359375 0.12265625
1 0.6734375 0.16484375 0.01015625 0.01640625
1 0.8203125 0.0203125 0.0109375 0.01484375