2 0.9734375 0.1828125 0.0515625 0.1890625
0 0.40234375 0.0765625 0.10625 0.153125
2 0.34375 0.5875 0.0734375 0.2625
2 0.66328125 0.17265625 0.046875 0.1765625
2 0.528125 0.84140625 0.0984375 0.3171875
2 0.41015625 0.32890625 0.0546875 0.221875
2 0.3484375 0.8359375 0.0859375 0.3265625
2 0.58046875 0.05 0.0359375 0.1
2 0.9765625 0.0390625 0.04375 0.078125
2 0.63359375 0.015625 0.0359375 0.03125
0 0.47421875 0.021875 0.0515625 0.04375
1 0.5265625 0.72421875 0.0234375 0.04453125
1 0.35078125 0.70703125 0.0203125 0.04296875
0 0.29921875 0.16640625 0.1375 0.22734375