2 0.5890625 0.6171875 0.075 0.2921875
2 0.621875 0.32421875 0.0578125 0.209375
2 0.85234375 0.2796875 0.05625 0.1953125
2 0.828125 0.1640625 0.05 0.1625
2 0.6984375 0.23125 0.0515625 0.1984375
2 0.41640625 0.103125 0.040625 0.14375
2 0.47578125 0.95625 0.0828125 0.0875
2 0.9234375 0.01796875 0.0390625 0.0359375
2 0.98671875 0.01484375 0.0265625 0.0296875
2 0.87109375 0.0453125 0.04375 0.090625
1 0.6203125 0.246875 0.0125 0.015625
1 0.4171875 0.04609375 0.009375 0.0109375
1 0.5953125 0.49765625 0.015625 0.0234375
1 0.6984375 0.16328125 0.01015625 0.01640625
1 0.67421875 0.140625 0.0109375 0.01171875
2 0.6734375 0.20546875 0.0328125 0.1625
1 0.85078125 0.20859375 0.0109375 0.01484375