0 0.8375 0.6703125 0.221875 0.4171875
0 0.8640625 0.24296875 0.128125 0.2125
2 0.675 0.46484375 0.08125 0.2578125
0 0.9484375 0.08125 0.103125 0.1625
2 0.41875 0.6953125 0.078125 0.2890625
2 0.5734375 0.39609375 0.0671875 0.21875
2 0.3546875 0.16953125 0.05 0.165625
2 0.78046875 0.146875 0.05 0.171875
2 0.3921875 0.09765625 0.040625 0.1328125
1 0.67109375 0.37734375 0.01328125 0.02265625
1 0.41953125 0.57890625 0.0171875 0.0203125
1 0.5703125 0.31171875 0.0125 0.01953125
1 0.78046875 0.08984375 0.00859375 0.0140625