2 0.76015625 0.55234375 0.0734375 0.2703125
2 0.57109375 0.46484375 0.065625 0.2484375
2 0.3703125 0.6765625 0.084375 0.2859375
2 0.84453125 0.18984375 0.05625 0.1953125
2 0.3234375 0.85390625 0.0859375 0.2921875
2 0.68125 0.26171875 0.0484375 0.1953125
2 0.72578125 0.15859375 0.046875 0.153125
2 0.865625 0.05078125 0.04375 0.1015625
2 0.025 0.4671875 0.05 0.2125
1 0.57109375 0.36640625 0.0140625 0.0171875
1 0.75859375 0.4484375 0.0140625 0.01875
1 0.321875 0.7515625 0.015625 0.01875
1 0.01015625 0.3796875 0.0140625 0.01875
1 0.36953125 0.57109375 0.01328125 0.025
1 0.6796875 0.1875 0.0125 0.0203125
1 0.84453125 0.13359375 0.01015625 0.015625