0 0.67890625 0.8859375 0.284375 0.228125
2 0.89375 0.22734375 0.05625 0.20625
2 0.07109375 0.74453125 0.08125 0.2921875
2 0.66484375 0.6140625 0.0796875 0.296875
2 0.56015625 0.4296875 0.071875 0.2375
2 0.5125 0.61015625 0.08125 0.2828125
0 0.9609375 0.08046875 0.078125 0.159375
2 0.70859375 0.30234375 0.059375 0.1890625
2 0.80234375 0.2125 0.0609375 0.2
2 0.52421875 0.3578125 0.05625 0.2078125
2 0.69765625 0.20078125 0.046875 0.1578125
2 0.521875 0.0375 0.0328125 0.075
2 0.77734375 0.18125 0.053125 0.1671875
2 0.9140625 0.01015625 0.0328125 0.0203125
0 0.9703125 0.00703125 0.0546875 0.0140625
1 0.70703125 0.215625 0.0109375 0.0140625
1 0.66484375 0.50859375 0.01953125 0.025
1 0.89140625 0.1515625 0.009375 0.01875
2 0.87265625 0.0328125 0.0421875 0.065625
1 0.525 0.27890625 0.0140625 0.0203125
1 0.56015625 0.34296875 0.01328125 0.01796875
1 0.778125 0.11953125 0.0125 0.01640625