2 0.44453125 0.8640625 0.0890625 0.271875
2 0.69453125 0.509375 0.06015625 0.2671875
2 0.50078125 0.52265625 0.0625 0.2453125
2 0.178125 0.38828125 0.05234375 0.19921875
2 0.2546875 0.403125 0.06328125 0.228125
2 0.05078125 0.73046875 0.0734375 0.2734375
2 0.2796875 0.290625 0.0484375 0.178125
2 0.79921875 0.125 0.03984375 0.1625
2 0.01796875 0.5875 0.0359375 0.246875
1 0.18046875 0.31328125 0.0140625 0.01796875
1 0.28203125 0.221875 0.0109375 0.01640625
1 0.69453125 0.4078125 0.01875 0.0265625
1 0.50234375 0.42578125 0.0140625 0.0203125