2 0.30703125 0.865625 0.1140625 0.26875
2 0.7609375 0.1828125 0.0484375 0.18125
2 0.36875 0.71015625 0.0765625 0.30625
2 0.57578125 0.44140625 0.06875 0.2421875
2 0.16328125 0.3546875 0.053125 0.2015625
2 0.87421875 0.1828125 0.0515625 0.178125
2 0.6703125 0.27421875 0.053125 0.2015625
2 0.84140625 0.0578125 0.0390625 0.115625
2 0.9234375 0.05390625 0.04375 0.10625
1 0.3 0.78125 0.021875 0.03125
1 0.15546875 0.275 0.0140625 0.015625
1 0.7609375 0.11171875 0.009375 0.0140625
1 0.87109375 0.11484375 0.0109375 0.0140625
1 0.6671875 0.20234375 0.01015625 0.021875