2 0.45 0.6125 0.08125 0.2828125
0 0.9578125 0.0828125 0.0828125 0.165625
2 0.74453125 0.190625 0.05 0.184375
2 0.68828125 0.56328125 0.0734375 0.2703125
2 0.23046875 0.3171875 0.05625 0.2078125
2 0.40625 0.1390625 0.0390625 0.1515625
2 0.87265625 0.04921875 0.040625 0.0984375
2 0.50390625 0.05546875 0.0328125 0.1109375
2 0.38203125 0.08671875 0.025 0.090625
2 0.40390625 0.99140625 0.0796875 0.0171875
1 0.690625 0.45859375 0.015625 0.0234375
1 0.453125 0.5015625 0.0171875 0.03203125
1 0.228125 0.2359375 0.0171875 0.021875
1 0.7453125 0.1265625 0.009375 0.01640625