2 0.5078125 0.67421875 0.0921875 0.303125
2 0.85078125 0.40859375 0.065625 0.24375
2 0.60234375 0.75703125 0.0890625 0.340625
2 0.32109375 0.24375 0.0578125 0.184375
2 0.72265625 0.22109375 0.0515625 0.1828125
2 0.78671875 0.15390625 0.046875 0.1703125
2 0.81171875 0.3109375 0.059375 0.2140625
2 0.64375 0.48828125 0.078125 0.2765625
2 0.83515625 0.05234375 0.0421875 0.1046875
2 0.81953125 0.19375 0.0453125 0.1375
2 0.8828125 0.028125 0.03125 0.05625
2 0.90703125 0.0125 0.0234375 0.025
1 0.31875 0.17265625 0.0125 0.0140625
1 0.85234375 0.31640625 0.0140625 0.0171875
1 0.80625 0.22890625 0.0125 0.0171875
1 0.6390625 0.40546875 0.01484375 0.01953125
1 0.72265625 0.159375 0.009375 0.0140625
1 0.50703125 0.5765625 0.01484375 0.01875