2 0.1765625 0.43125 0.0609375 0.2140625
2 0.64140625 0.29296875 0.053125 0.19375
2 0.8078125 0.17578125 0.0515625 0.1734375
2 0.90234375 0.15859375 0.046875 0.1578125
2 0.7328125 0.21171875 0.0515625 0.1875
2 0.4 0.9453125 0.103125 0.109375
2 0.79765625 0.06953125 0.0390625 0.134375
2 0.49453125 0.06796875 0.0375 0.1359375
2 0.8890625 0.01484375 0.0265625 0.0296875
2 0.92734375 0.01328125 0.025 0.0265625
1 0.178125 0.34375 0.0125 0.015625
1 0.39765625 0.9359375 0.0234375 0.034375
1 0.80546875 0.1109375 0.00859375 0.015625