0 0.93125 0.2171875 0.13125 0.2015625
0 0.86171875 0.42578125 0.184375 0.35
0 0.9625 0.0625 0.075 0.125
2 0.39921875 0.90078125 0.090625 0.1984375
2 0.4234375 0.70625 0.090625 0.2890625
2 0.275 0.33359375 0.05625 0.2140625
2 0.60234375 0.3921875 0.059375 0.234375
2 0.7453125 0.20546875 0.05 0.1859375
2 0.15234375 0.35078125 0.0546875 0.2078125
2 0.8859375 0.01328125 0.0328125 0.0265625
2 0.859375 0.04296875 0.0390625 0.0859375
1 0.428125 0.5984375 0.01875 0.025
1 0.271875 0.2515625 0.0125 0.015625
1 0.15 0.2703125 0.0109375 0.015625
1 0.6015625 0.3015625 0.01484375 0.0203125