0 0.83515625 0.5828125 0.20625 0.371875
0 0.74296875 0.203125 0.140625 0.225
0 0.88671875 0.2625 0.1609375 0.2828125
2 0.41015625 0.8015625 0.084375 0.328125
2 0.18828125 0.41328125 0.0546875 0.2046875
2 0.0984375 0.51328125 0.06875 0.2390625
2 0.66484375 0.61171875 0.0796875 0.278125
2 0.56328125 0.5546875 0.071875 0.2078125
2 0.54453125 0.759375 0.0890625 0.34375
2 0.25546875 0.2859375 0.05625 0.19375
2 0.53359375 0.3375 0.0640625 0.2234375
2 0.40625 0.24453125 0.0546875 0.1734375
2 0.38671875 0.165625 0.046875 0.1609375
2 0.5125 0.08125 0.0390625 0.146875
2 0.4203125 0.046875 0.0296875 0.0890625
2 0.4125 0.12578125 0.0390625 0.1265625
2 0.921875 0.025 0.0421875 0.05
2 0.88828125 0.0125 0.028125 0.025
2 0.946875 0.01796875 0.028125 0.0359375
2 0.91640625 0.021875 0.0375 0.04375
1 0.6671875 0.50234375 0.015625 0.0234375
1 0.54609375 0.6265625 0.0171875 0.025
1 0.1 0.4265625 0.0109375 0.015625
1 0.18671875 0.3359375 0.0109375 0.0125
1 0.40390625 0.171875 0.0109375 0.0125
1 0.40859375 0.67265625 0.0171875 0.02578125
1 0.56015625 0.4890625 0.01640625 0.02421875
1 0.51328125 0.03125 0.00703125 0.0109375
1 0.4109375 0.07421875 0.00625 0.01171875
1 0.38359375 0.10703125 0.0078125 0.0125
2 0.8421875 0.03828125 0.02890625 0.0765625