0 0.84375 0.47734375 0.1859375 0.2875
0 0.4265625 0.25859375 0.1375 0.2140625
2 0.5296875 0.68203125 0.0828125 0.296875
2 0.64296875 0.4390625 0.06875 0.246875
2 0.05078125 0.70703125 0.0734375 0.275
2 0.29296875 0.2390625 0.046875 0.175
2 0.4703125 0.55859375 0.0796875 0.278125
2 0.72265625 0.178125 0.0484375 0.1765625
2 0.17578125 0.38515625 0.0546875 0.2078125
2 0.40859375 0.084375 0.0375 0.0953125
2 0.4 0.1421875 0.0453125 0.0828125
2 0.50078125 0.946875 0.090625 0.10625
2 0.20078125 0.29609375 0.0546875 0.19375
2 0.90234375 0.0234375 0.03125 0.046875
1 0.53203125 0.5671875 0.0171875 0.025
1 0.046875 0.59609375 0.015625 0.0234375
1 0.49765625 0.94296875 0.0203125 0.0265625
1 0.2 0.23359375 0.0125 0.0140625
1 0.64296875 0.34375 0.01484375 0.01953125
1 0.17421875 0.30625 0.0125 0.0171875
1 0.2953125 0.17265625 0.00859375 0.015625