2 0.36015625 0.7671875 0.0765625 0.31875
0 0.9578125 0.12734375 0.084375 0.178125
2 0.13515625 0.46640625 0.0578125 0.2296875
2 0.29765625 0.88671875 0.0953125 0.2265625
2 0.67109375 0.29453125 0.0578125 0.225
2 0.56015625 0.4734375 0.0640625 0.2484375
2 0.553125 0.1953125 0.0546875 0.1890625
2 0.6984375 0.5359375 0.0765625 0.2953125
2 0.47578125 0.88359375 0.1140625 0.2328125
2 0.5890625 0.0328125 0.03046875 0.065625
0 0.30078125 0.16484375 0.1328125 0.21875
0 0.453125 0.025 0.0953125 0.05
2 0.6296875 0.96875 0.1078125 0.0625
1 0.1296875 0.37421875 0.0140625 0.02421875
1 0.35625 0.64453125 0.01953125 0.02890625
1 0.303125 0.83515625 0.025 0.03671875
1 0.55234375 0.1234375 0.0125 0.0203125
1 0.56328125 0.3828125 0.0171875 0.02421875
1 0.6703125 0.2109375 0.01328125 0.0234375