2 0.38203125 0.83671875 0.09375 0.315625
2 0.72421875 0.8671875 0.1078125 0.265625
2 0.4859375 0.528125 0.08125 0.259375
2 0.28984375 0.73828125 0.084375 0.3046875
2 0.196875 0.59375 0.078125 0.25625
2 0.14921875 0.42265625 0.0703125 0.240625
2 0.8078125 0.1265625 0.053125 0.1875
2 0.9421875 0.01328125 0.028125 0.0265625
2 0.51796875 0.03515625 0.028125 0.0703125
2 0.9734375 0.01484375 0.0296875 0.0296875
0 0.9890625 0.0265625 0.021875 0.053125
2 0.88359375 0.01953125 0.028125 0.0390625
1 0.38359375 0.7140625 0.02109375 0.03046875
1 0.70546875 0.78203125 0.0171875 0.028125
1 0.48671875 0.43359375 0.0171875 0.02578125