2 0.52265625 0.60078125 0.0578125 0.22578125
2 0.62109375 0.52109375 0.05234375 0.21953125
2 0.7828125 0.69375 0.06484375 0.25703125
2 0.61796875 0.37109375 0.053125 0.1703125
2 0.709375 0.796875 0.06484375 0.278125
2 0.5765625 0.19296875 0.03671875 0.13125
2 0.5578125 0.0625 0.01875 0.0796875
2 0.70625 0.65546875 0.06328125 0.1828125
2 0.9234375 0.10625 0.02734375 0.11796875
2 0.5296875 0.0953125 0.02265625 0.084375
2 0.515625 0.053125 0.0203125 0.071875
2 0.80703125 0.10234375 0.0234375 0.0890625
2 0.8984375 0.06328125 0.028125 0.09375
2 0.859375 0.10625 0.025 0.1046875
0 0.68515625 0.01875 0.0421875 0.0375
1 0.61796875 0.4375 0.01328125 0.01953125
1 0.61640625 0.31015625 0.0125 0.0171875
2 0.7296875 0.0328125 0.0203125 0.06328125
2 0.7671875 0.03125 0.01875 0.0625
2 0.8015625 0.02578125 0.0140625 0.0515625
2 0.94375 0.0859375 0.028125 0.103125
2 0.99375 0.11640625 0.01171875 0.115625
1 0.70078125 0.61015625 0.015625 0.0234375