2 0.465625 0.90546875 0.0765625 0.18828125
2 0.6859375 0.26328125 0.046875 0.171875
2 0.52890625 0.56640625 0.05859375 0.23359375
0 0.36640625 0.03359375 0.0671875 0.0671875
2 0.2421875 0.6140625 0.0640625 0.240625
0 0.628125 0.07578125 0.0671875 0.0859375
2 0.021875 0.76640625 0.04296875 0.2640625
2 0.753125 0.5796875 0.05859375 0.234375
2 0.55546875 0.2078125 0.0375 0.1359375
2 0.1890625 0.88828125 0.08671875 0.2234375
2 0.128125 0.32890625 0.040625 0.1671875
2 0.634375 0.346875 0.0484375 0.184375
2 0.54140625 0.13515625 0.0296875 0.1078125
0 0.59296875 0.021875 0.0421875 0.04375
0 0.6921875 0.0140625 0.040625 0.028125
2 0.51171875 0.065625 0.0203125 0.07578125
2 0.97421875 0.07578125 0.0296875 0.11328125
2 0.92578125 0.06796875 0.02578125 0.0984375
2 0.88984375 0.0703125 0.025 0.10390625
2 0.55078125 0.0453125 0.01875 0.07421875
2 0.7671875 0.0109375 0.015625 0.021875
2 0.8390625 0.028125 0.021875 0.05625
1 0.23671875 0.52265625 0.0171875 0.0234375