2 0.3859375 0.384375 0.06484375 0.2265625
2 0.5359375 0.10078125 0.046875 0.1640625
2 0.2125 0.5234375 0.07578125 0.25546875
2 0.59375 0.240625 0.04921875 0.1984375
2 0.47265625 0.06953125 0.03828125 0.1390625
2 0.6453125 0.0796875 0.0390625 0.1546875
2 0.7 0.14453125 0.0421875 0.1609375
0 0.296875 0.16484375 0.13203125 0.22109375
0 0.95234375 0.1078125 0.0953125 0.19375
0 0.6609375 0.01953125 0.08828125 0.0390625
0 0.4546875 0.021875 0.08984375 0.04375
1 0.53515625 0.04140625 0.0109375 0.01640625