2 0.28828125 0.93671875 0.0890625 0.1265625
2 0.35546875 0.20390625 0.046875 0.1671875
2 0.56328125 0.56953125 0.06875 0.278125
2 0.18125 0.38359375 0.0578125 0.203125
2 0.6921875 0.7796875 0.090625 0.340625
2 0.7640625 0.13984375 0.04375 0.1515625
2 0.95546875 0.0140625 0.028125 0.028125
2 0.91171875 0.02265625 0.0328125 0.0453125
2 0.98671875 0.01328125 0.025 0.0265625
1 0.18203125 0.30546875 0.0140625 0.0171875
1 0.6921875 0.6453125 0.01875 0.025
1 0.559375 0.4640625 0.015625 0.021875
2 0.859375 0.03359375 0.034375 0.06640625