0 0.28984375 0.51875 0.196875 0.27734375
2 0.08046875 0.546875 0.0609375 0.21171875
2 0.71015625 0.63515625 0.07734375 0.2515625
2 0.18515625 0.58671875 0.065625 0.21796875
2 0.56953125 0.5265625 0.06640625 0.21875
2 0.5546875 0.6515625 0.07890625 0.25
0 0.34765625 0.21875 0.1671875 0.3640625
2 0.43359375 0.50234375 0.06015625 0.209375
2 0.49921875 0.396875 0.05 0.178125
2 0.53671875 0.44765625 0.0609375 0.17578125
0 0.1046875 0.228125 0.15 0.2984375
1 0.69296875 0.5375 0.01484375 0.02421875
2 0.45703125 0.4421875 0.06015625 0.1984375
2 0.321875 0.7671875 0.07109375 0.27734375