0 0.8375 0.34609375 0.1546875 0.2375
2 0.89921875 0.83046875 0.1015625 0.3328125
2 0.68203125 0.634375 0.0734375 0.2703125
2 0.659375 0.878125 0.0921875 0.24375
2 0.28984375 0.41484375 0.05625 0.209375
2 0.5765625 0.32734375 0.0609375 0.19375
2 0.20078125 0.23671875 0.040625 0.153125
2 0.08359375 0.46953125 0.05625 0.215625
2 0.22421875 0.37734375 0.0484375 0.1875
2 0.146875 0.37890625 0.05 0.1859375
2 0.646875 0.28359375 0.05 0.1796875
2 0.65 0.15390625 0.0359375 0.115625
2 0.246875 0.13515625 0.0390625 0.1328125
0 0.71484375 0.09375 0.08125 0.1328125
0 0.6734375 0.04765625 0.0609375 0.078125
2 0.128125 0.221875 0.0328125 0.146875
2 0.5921875 0.17265625 0.0421875 0.1390625
2 0.28359375 0.04765625 0.0328125 0.0953125
2 0.24453125 0.02890625 0.025 0.0578125
2 0.77109375 0.0109375 0.01875 0.0203125
2 0.61875 0.09140625 0.0296875 0.1046875
0 0.9796875 0.7109375 0.040625 0.3421875
2 0.621875 0.02734375 0.0203125 0.053125
2 0.3359375 0.01640625 0.021875 0.0328125
2 0.53984375 0.02890625 0.0203125 0.0578125
2 0.98984375 0.06171875 0.0203125 0.1140625
2 0.58046875 0.10625 0.0328125 0.1015625
2 0.5734375 0.01328125 0.0171875 0.0265625
1 0.08203125 0.38828125 0.0140625 0.0203125
1 0.8890625 0.7046875 0.021875 0.028125
1 0.65390625 0.79453125 0.0203125 0.0234375
1 0.571875 0.25703125 0.0125 0.0171875
1 0.6765625 0.52734375 0.015625 0.0203125
1 0.14921875 0.30703125 0.0109375 0.01796875
1 0.2890625 0.34609375 0.0109375 0.01796875
1 0.221875 0.3125 0.009375 0.01796875
1 0.2015625 0.1796875 0.01015625 0.01484375
1 0.2453125 0.08828125 0.009375 0.0125
1 0.5921875 0.12265625 0.00703125 0.01171875