2 0.6 0.39609375 0.0671875 0.2265625
2 0.871875 0.6765625 0.078125 0.3125
2 0.7203125 0.39765625 0.065625 0.23125
2 0.68359375 0.7703125 0.0828125 0.3265625
2 0.39765625 0.93046875 0.103125 0.1390625
2 0.9109375 0.109375 0.04375 0.153125
2 0.69140625 0.23359375 0.05625 0.19375
2 0.778125 0.18828125 0.0484375 0.18125
2 0.875 0.0625 0.04375 0.125
2 0.75625 0.096875 0.0421875 0.1609375
2 0.95546875 0.0484375 0.05 0.096875
2 0.2984375 0.23203125 0.046875 0.178125
2 0.4578125 0.040625 0.0390625 0.0796875
1 0.8671875 0.5625 0.01875 0.0234375
1 0.69140625 0.1609375 0.0109375 0.02109375
1 0.7203125 0.31015625 0.015625 0.02109375