2 0.33359375 0.51796875 0.0703125 0.253125
2 0.23828125 0.803125 0.0953125 0.321875
2 0.74765625 0.15625 0.046875 0.1765625
2 0.703125 0.52109375 0.0671875 0.275
2 0.46875 0.26796875 0.0578125 0.2015625
2 0.44375 0.55234375 0.0765625 0.2890625
2 0.6765625 0.11171875 0.046875 0.175
2 0.57265625 0.04921875 0.0390625 0.0984375
0 0.3015625 0.16484375 0.13125 0.2234375
2 0.44921875 0.178125 0.046875 0.1703125
0 0.45390625 0.0234375 0.0953125 0.046875
2 0.62265625 0.11953125 0.046875 0.1703125
2 0.640625 0.05078125 0.0421875 0.1015625
1 0.46796875 0.1921875 0.01484375 0.02109375
1 0.7015625 0.4171875 0.01640625 0.02421875
1 0.23359375 0.68984375 0.02109375 0.0390625
1 0.453125 0.4390625 0.01484375 0.028125