0 0.91875 0.56015625 0.16171875 0.2734375
0 0.66015625 0.08671875 0.084375 0.1359375
0 0.75390625 0.278125 0.12265625 0.171875
2 0.128125 0.88671875 0.078125 0.2265625
2 0.72890625 0.89921875 0.078125 0.2015625
2 0.7 0.5234375 0.0625 0.246875
2 0.5609375 0.3125 0.046875 0.14765625
2 0.66015625 0.2234375 0.0453125 0.15703125
0 0.72578125 0.13828125 0.0953125 0.13125
2 0.59453125 0.24140625 0.04140625 0.15625
2 0.70625 0.38203125 0.05625 0.1625
2 0.2875 0.05859375 0.0296875 0.1125
2 0.25078125 0.08515625 0.034375 0.11875
2 0.55234375 0.03203125 0.0203125 0.0640625
0 0.76328125 0.01328125 0.0515625 0.0265625
2 0.54375 0.07578125 0.025 0.090625
2 0.9859375 0.07421875 0.028125 0.1171875
0 0.3640625 0.00625 0.065625 0.0125
2 0.8921875 0.0375 0.0265625 0.075
2 0.646875 0.0109375 0.021875 0.021875
1 0.59453125 0.18125 0.0109375 0.015625
1 0.7046875 0.31796875 0.0125 0.0171875
1 0.70234375 0.434375 0.01328125 0.021875
1 0.66484375 0.1640625 0.0109375 0.015625