2 0.9671875 0.8265625 0.065625 0.3140625
2 0.76796875 0.6390625 0.0703125 0.259375
2 0.54296875 0.8890625 0.0796875 0.221875
2 0.12578125 0.23359375 0.040625 0.140625
2 0.58984375 0.30390625 0.0484375 0.1671875
2 0.62890625 0.55859375 0.0578125 0.228125
2 0.196875 0.83515625 0.078125 0.25625
2 0.57734375 0.4375 0.05 0.1984375
2 0.65546875 0.14921875 0.034375 0.1234375
2 0.54453125 0.22109375 0.0390625 0.14375
2 0.52421875 0.14453125 0.03125 0.1125
2 0.815625 0.04375 0.0265625 0.0859375
2 0.9765625 0.1390625 0.0328125 0.1171875
2 0.59296875 0.0765625 0.0234375 0.0875
2 0.5671875 0.09609375 0.025 0.09375
2 0.8625 0.065625 0.0296875 0.1140625
2 0.94375 0.0578125 0.0296875 0.096875
2 0.52421875 0.01796875 0.0171875 0.0359375
2 0.54921875 0.04453125 0.0203125 0.06875
2 0.98359375 0.0703125 0.0296875 0.096875
2 0.7078125 0.009375 0.015625 0.01875
1 0.76015625 0.5359375 0.0140625 0.01875
1 0.53984375 0.81015625 0.0203125 0.0234375
1 0.19140625 0.75703125 0.0171875 0.0203125
1 0.54453125 0.1703125 0.0078125 0.009375
1 0.97109375 0.70078125 0.0171875 0.0203125
1 0.628125 0.471875 0.01171875 0.01875
1 0.575 0.36015625 0.00859375 0.01484375
1 0.58828125 0.278125 0.0078125 0.00859375
1 0.58515625 0.2421875 0.0078125 0.01640625
1 0.59375 0.23984375 0.0046875 0.0109375
1 0.6546875 0.10703125 0.00859375 0.0125
1 0.12265625 0.18203125 0.009375 0.0125
1 0.5234375 0.103125 0.00859375 0.01171875