2 0.43203125 0.63671875 0.075 0.278125
2 0.5078125 0.484375 0.0796875 0.25
2 0.671875 0.79296875 0.090625 0.3171875
2 0.68203125 0.4859375 0.08125 0.246875
2 0.76484375 0.17734375 0.0453125 0.165625
2 0.909375 0.07109375 0.0421875 0.1421875
2 0.275 0.24375 0.046875 0.1734375
2 0.85703125 0.053125 0.0453125 0.10625
2 0.49921875 0.0265625 0.0296875 0.053125
2 0.88984375 0.0171875 0.0375 0.034375
2 0.521875 0.3703125 0.05 0.1484375
1 0.50625 0.38359375 0.015625 0.0203125
1 0.43046875 0.53359375 0.0171875 0.0234375
1 0.52265625 0.31953125 0.0140625 0.0140625
1 0.275 0.175 0.009375 0.0125
1 0.684375 0.390625 0.0125 0.015625
1 0.90859375 0.00703125 0.0078125 0.0109375