2 0.70234375 0.2375 0.06171875 0.20625
2 0.77109375 0.24609375 0.059375 0.19296875
2 0.5078125 0.1703125 0.0640625 0.1671875
0 0.95625 0.04765625 0.0875 0.0953125
2 0.609375 0.19921875 0.07109375 0.1796875
2 0.83359375 0.1640625 0.06328125 0.190625
2 0.553125 0.18203125 0.06640625 0.18046875
2 0.67734375 0.17890625 0.05390625 0.178125
2 0.7359375 0.13046875 0.0546875 0.171875
2 0.18671875 0.04765625 0.0859375 0.0953125
1 0.56171875 0.11328125 0.0109375 0.015625
2 0.61953125 0.10625 0.06875 0.1296875