0 0.890625 0.31171875 0.1609375 0.275
0 0.34375 0.3765625 0.153125 0.246875
0 0.96015625 0.0625 0.0796875 0.125
2 0.72890625 0.87578125 0.1046875 0.246875
2 0.12890625 0.65859375 0.0828125 0.25625
2 0.15546875 0.45625 0.0703125 0.2125
2 0.4640625 0.87109375 0.0984375 0.2578125
2 0.26328125 0.29140625 0.05625 0.184375
2 0.609375 0.46171875 0.0640625 0.25
2 0.73515625 0.325 0.0546875 0.23125
2 0.36171875 0.1921875 0.0421875 0.14375
2 0.46953125 0.06171875 0.0421875 0.1234375
2 0.65234375 0.36875 0.059375 0.2375
2 0.8765625 0.11796875 0.0453125 0.146875
2 0.42109375 0.79765625 0.0828125 0.3296875
2 0.7703125 0.12109375 0.04375 0.1625
2 0.80234375 0.12734375 0.04375 0.18125
2 0.88203125 0.01953125 0.034375 0.0390625
2 0.52578125 0.040625 0.0296875 0.08125
2 0.209375 0.97734375 0.059375 0.0453125
2 0.86484375 0.04765625 0.0390625 0.09375
1 0.128125 0.55859375 0.015625 0.0203125
1 0.12890625 0.596875 0.0140625 0.021875
1 0.15390625 0.37734375 0.0140625 0.0171875
1 0.73125 0.8859375 0.015625 0.028125
1 0.4609375 0.7828125 0.021875 0.028125
1 0.61171875 0.3640625 0.0140625 0.02734375
1 0.25859375 0.21796875 0.0109375 0.0171875
1 0.73046875 0.8046875 0.0234375 0.028125
1 0.65234375 0.28203125 0.01171875 0.01796875
1 0.734375 0.240625 0.01328125 0.01953125
1 0.42890625 0.67109375 0.01953125 0.02578125
1 0.359375 0.13984375 0.0109375 0.01640625