0 0.8015625 0.3515625 0.1359375 0.1953125
0 0.7046875 0.18828125 0.09375 0.1421875
0 0.34765625 0.05234375 0.0734375 0.1046875
2 0.53046875 0.8140625 0.075 0.2875
0 0.64609375 0.08046875 0.0625 0.090625
2 0.8359375 0.91328125 0.0953125 0.1734375
2 0.22578125 0.56015625 0.0625 0.234375
2 0.784375 0.62890625 0.06875 0.2578125
2 0.73203125 0.84375 0.08125 0.3
2 0.31015625 0.44375 0.0578125 0.2109375
2 0.14140625 0.5703125 0.0625 0.23125
2 0.5921875 0.6640625 0.071875 0.2828125
2 0.6609375 0.4671875 0.05625 0.2265625
2 0.20234375 0.20234375 0.0390625 0.13125
2 0.271875 0.05234375 0.028125 0.1
2 0.5390625 0.084375 0.025 0.08125
2 0.57265625 0.0796875 0.0265625 0.09375
2 0.23515625 0.22578125 0.0375 0.1359375
0 0.69453125 0.1203125 0.0796875 0.1
2 0.22578125 0.11953125 0.034375 0.1140625
2 0.2421875 0.03125 0.0296875 0.0625
0 0.77734375 0.0484375 0.06875 0.0859375
2 0.4953125 0.1015625 0.028125 0.090625
2 0.51484375 0.03046875 0.021875 0.0609375
2 0.55 0.025 0.021875 0.05
0 0.9859375 0.21796875 0.028125 0.165625
2 0.7140625 0.00859375 0.0140625 0.0171875
1 0.77890625 0.5296875 0.0140625 0.01875
1 0.14140625 0.478125 0.0140625 0.015625
1 0.52578125 0.69921875 0.0171875 0.0234375
1 0.21953125 0.46640625 0.0140625 0.0171875
1 0.309375 0.36171875 0.0109375 0.0140625
1 0.6578125 0.38203125 0.0125 0.0171875
1 0.72578125 0.7265625 0.0171875 0.03203125
1 0.834375 0.865625 0.01875 0.034375
1 0.5890625 0.55390625 0.015625 0.0203125
1 0.23359375 0.17265625 0.0078125 0.0125
1 0.2015625 0.15390625 0.00703125 0.0109375
1 0.571875 0.04453125 0.00625 0.01015625
1 0.49375 0.0625 0.0078125 0.009375
2 0.890625 0.04140625 0.025 0.0828125