2 0.0421875 0.63046875 0.075 0.246875
2 0.76484375 0.17578125 0.0484375 0.1734375
2 0.64609375 0.515625 0.078125 0.2640625
2 0.85625 0.065625 0.04375 0.13125
0 0.9671875 0.06015625 0.065625 0.1203125
2 0.546875 0.50546875 0.08125 0.2734375
2 0.79921875 0.3546875 0.065625 0.240625
2 0.2734375 0.2203125 0.04375 0.1625
2 0.91640625 0.01484375 0.028125 0.0296875
1 0.54296875 0.40703125 0.0140625 0.0203125
1 0.03828125 0.5296875 0.0171875 0.025
1 0.271875 0.15546875 0.009375 0.0125
1 0.64453125 0.42109375 0.0125 0.02109375
1 0.79453125 0.27578125 0.01015625 0.0171875
1 0.7625 0.11328125 0.01015625 0.015625