2 0.0375 0.92265625 0.075 0.1546875
2 0.1859375 0.41796875 0.0546875 0.1890625
2 0.7140625 0.3765625 0.0515625 0.20625
2 0.83984375 0.4296875 0.059375 0.2234375
2 0.7046875 0.70390625 0.071875 0.275
2 0.671875 0.8671875 0.0890625 0.265625
2 0.54453125 0.57109375 0.0734375 0.259375
2 0.8390625 0.7078125 0.075 0.2875
2 0.7875 0.6140625 0.071875 0.2546875
2 0.62578125 0.37109375 0.0484375 0.190625
0 0.7203125 0.01875 0.053125 0.0375
2 0.1296875 0.3015625 0.040625 0.159375
2 0.66796875 0.17734375 0.0375 0.140625
2 0.5296875 0.19140625 0.0359375 0.13125
2 0.5875 0.1953125 0.0359375 0.14375
2 0.6625 0.08046875 0.0265625 0.096875
2 0.528125 0.0875 0.0265625 0.0921875
2 0.61953125 0.1375 0.0296875 0.1109375
2 0.134375 0.1609375 0.0359375 0.1140625
2 0.6109375 0.0796875 0.0234375 0.0828125
2 0.634375 0.05234375 0.0234375 0.0828125
2 0.96640625 0.059375 0.0296875 0.1078125
2 0.1671875 0.15078125 0.034375 0.1203125
2 0.85703125 0.97734375 0.0984375 0.0453125
2 0.78125 0.01640625 0.015625 0.0328125
2 0.75859375 0.00859375 0.015625 0.0171875
2 0.56796875 0.090625 0.025 0.09375
2 0.54765625 0.0234375 0.021875 0.046875
1 0.66875 0.7796875 0.01875 0.028125
1 0.03203125 0.88125 0.0203125 0.028125
1 0.5453125 0.471875 0.0125 0.015625
1 0.8359375 0.3421875 0.0125 0.015625
1 0.69765625 0.59375 0.0140625 0.01875
1 0.834375 0.59375 0.015625 0.01875
1 0.7078125 0.29765625 0.0140625 0.0171875
1 0.78203125 0.51953125 0.01328125 0.021875
1 0.62578125 0.3015625 0.01328125 0.01875
1 0.184375 0.3484375 0.0125 0.01953125