0 0.94453125 0.06953125 0.10625 0.1390625
0 0.40234375 0.07578125 0.1078125 0.1515625
2 0.66484375 0.33203125 0.0578125 0.2203125
2 0.4953125 0.62578125 0.08359375 0.3109375
2 0.44375 0.253125 0.0578125 0.1984375
2 0.703125 0.4296875 0.065625 0.2515625
2 0.5734375 0.3359375 0.0546875 0.2203125
2 0.5359375 0.1140625 0.040625 0.1546875
2 0.52578125 0.28359375 0.0515625 0.1984375
2 0.56171875 0.178125 0.0453125 0.1609375
2 0.7234375 0.0375 0.03125 0.075
0 0.47265625 0.021875 0.05625 0.04375
0 0.30078125 0.16640625 0.128125 0.23125
1 0.571875 0.253125 0.015625 0.025
1 0.49296875 0.52578125 0.01953125 0.03125
1 0.44296875 0.1890625 0.01328125 0.02109375
1 0.6625 0.2484375 0.015625 0.025
1 0.5265625 0.2125 0.0125 0.0203125
1 0.7 0.3359375 0.01640625 0.0296875
1 0.5609375 0.1171875 0.01328125 0.02265625
1 0.5359375 0.05625 0.0125 0.021875