2 0.32421875 0.80234375 0.08515625 0.315625
2 0.7609375 0.19453125 0.05 0.18828125
2 0.515625 0.5328125 0.0890625 0.26171875
2 0.85703125 0.41015625 0.06640625 0.22578125
2 0.32421875 0.4859375 0.09296875 0.2421875
2 0.4890625 0.27890625 0.08359375 0.21484375
2 0.8546875 0.1109375 0.04765625 0.18359375
2 0.36015625 0.28046875 0.08359375 0.19609375
0 0.13203125 0.34609375 0.26171875 0.2734375
2 0.89609375 0.61796875 0.0859375 0.25625
2 0.67109375 0.0890625 0.05546875 0.175
2 0.575 0.25078125 0.05234375 0.2078125
1 0.3390625 0.68203125 0.0203125 0.025