2 0.88828125 0.403125 0.0515625 0.2078125
2 0.58203125 0.6078125 0.0625 0.23359375
2 0.82578125 0.81484375 0.08046875 0.321875
2 0.20546875 0.26484375 0.0390625 0.140625
2 0.48515625 0.61015625 0.0625 0.2515625
2 0.19609375 0.9265625 0.08046875 0.146875
2 0.63515625 0.396875 0.0546875 0.203125
2 0.58515625 0.3015625 0.0453125 0.165625
2 0.70859375 0.23984375 0.04453125 0.16640625
2 0.5140625 0.28828125 0.040625 0.15703125
2 0.67890625 0.9453125 0.06953125 0.109375
0 0.62265625 0.0609375 0.0578125 0.078125
2 0.65703125 0.17265625 0.03125 0.1296875
2 0.5890625 0.21171875 0.034375 0.103125
2 0.5578125 0.03203125 0.021875 0.0640625
2 0.5734375 0.1390625 0.028125 0.11875
2 0.52265625 0.21796875 0.0375 0.1328125
2 0.7171875 0.17109375 0.0375 0.1
2 0.9265625 0.09453125 0.02734375 0.1140625
2 0.5125 0.053125 0.01875 0.06953125
2 0.5921875 0.125 0.025 0.1125
2 0.51875 0.1453125 0.0296875 0.10390625
2 0.98203125 0.0984375 0.028125 0.11796875
2 0.9921875 0.08203125 0.015625 0.1109375
2 0.83671875 0.0640625 0.028125 0.0953125
2 0.88828125 0.0625 0.0265625 0.1015625
2 0.53984375 0.0328125 0.015625 0.0578125
1 0.1921875 0.890625 0.02109375 0.03359375
1 0.82109375 0.6890625 0.0171875 0.025
2 0.76640625 0.0484375 0.02109375 0.08671875
0 0.70703125 0.028125 0.0484375 0.05625