2 0.0453125 0.83125 0.0890625 0.165625
0 0.953125 0.2015625 0.0921875 0.25
2 0.3328125 0.32421875 0.0609375 0.2109375
2 0.53359375 0.31875 0.065625 0.2203125
2 0.603125 0.26015625 0.05625 0.209375
2 0.58984375 0.56015625 0.0703125 0.28125
2 0.45703125 0.321875 0.05625 0.2046875
2 0.6453125 0.6671875 0.0859375 0.3203125
2 0.5015625 0.13828125 0.046875 0.175
2 0.340625 0.77265625 0.0875 0.3
2 0.63671875 0.01640625 0.0359375 0.0328125
2 0.68984375 0.028125 0.0375 0.05625
2 0.4234375 0.20703125 0.05 0.171875
2 0.36640625 0.9015625 0.09375 0.196875
2 0.584375 0.01640625 0.0375 0.0328125
2 0.46171875 0.0625 0.0375 0.125
0 0.453125 0.0234375 0.0921875 0.046875
0 0.30234375 0.1625 0.1328125 0.2109375
2 0.42578125 0.1328125 0.0390625 0.109375
1 0.640625 0.5484375 0.01875 0.0296875
1 0.528125 0.2359375 0.01328125 0.02265625
1 0.6015625 0.1859375 0.01328125 0.0203125
1 0.42421875 0.0984375 0.0109375 0.01953125
1 0.45546875 0.24453125 0.0140625 0.0234375