0 0.76796875 0.828125 0.2703125 0.3421875
2 0.4140625 0.86640625 0.109375 0.2671875
2 0.63828125 0.490625 0.071875 0.2640625
2 0.26640625 0.3546875 0.0609375 0.215625
2 0.315625 0.209375 0.0515625 0.175
2 0.45703125 0.553125 0.0765625 0.26875
2 0.8484375 0.23515625 0.0546875 0.2046875
2 0.52578125 0.36640625 0.059375 0.2125
2 0.72265625 0.20859375 0.05 0.19375
2 0.06484375 0.49453125 0.0765625 0.240625
2 0.4796875 0.0984375 0.04375 0.159375
2 0.97734375 0.0625 0.040625 0.125
2 0.88125 0.0734375 0.040625 0.146875
2 0.01953125 0.6453125 0.0390625 0.2625
2 0.3734375 0.1515625 0.0453125 0.159375
2 0.790625 0.12578125 0.04375 0.1390625
2 0.40390625 0.125 0.0453125 0.1515625
2 0.41640625 0.05625 0.0375 0.1046875
2 0.85546875 0.04609375 0.03125 0.0921875
1 0.065625 0.40703125 0.0125 0.0171875
1 0.05703125 0.4359375 0.0140625 0.01875
1 0.63984375 0.390625 0.0140625 0.01875
1 0.0765625 0.3859375 0.0125 0.015625
1 0.0078125 0.54375 0.015625 0.025
1 0.45234375 0.465625 0.01875 0.021875
1 0.5203125 0.2890625 0.0125 0.015625
1 0.265625 0.27890625 0.009375 0.0140625
1 0.84921875 0.16484375 0.01171875 0.0171875
1 0.721875 0.1453125 0.01171875 0.01953125
1 0.47890625 0.05 0.009375 0.0171875
1 0.3734375 0.09453125 0.01015625 0.0140625
1 0.31640625 0.14453125 0.01171875 0.01875
1 0.315625 0.17265625 0.00859375 0.015625
1 0.403125 0.06796875 0.01015625 0.01484375
1 0.87890625 0.02578125 0.00859375 0.0140625