0 0.91640625 0.5046875 0.1671875 0.265625
2 0.15859375 0.87890625 0.078125 0.2421875
0 0.80234375 0.284375 0.128125 0.1828125
2 0.6625 0.56640625 0.0796875 0.2703125
2 0.1625 0.43046875 0.0625 0.209375
2 0.62578125 0.25234375 0.0453125 0.1609375
2 0.20703125 0.16328125 0.0390625 0.1234375
2 0.271875 0.1390625 0.0390625 0.1375
2 0.56796875 0.184375 0.0390625 0.146875
2 0.64921875 0.2 0.040625 0.1609375
2 0.57109375 0.0828125 0.03125 0.0984375
2 0.834375 0.01171875 0.01875 0.0234375
0 0.75703125 0.01640625 0.05 0.03125
2 0.96953125 0.10078125 0.0328125 0.11875
0 0.65390625 0.0453125 0.0546875 0.090625
2 0.20703125 0.0921875 0.03125 0.0890625
0 0.73671875 0.096875 0.08125 0.1515625
2 0.04140625 0.321875 0.0484375 0.1609375
0 0.63203125 0.0234375 0.05625 0.046875
0 0.68984375 0.06796875 0.05 0.1109375
2 0.98125 0.03828125 0.028125 0.0765625
2 0.5921875 0.06328125 0.021875 0.078125
2 0.55 0.02421875 0.01875 0.0484375
2 0.525 0.06328125 0.0265625 0.090625
1 0.15625 0.796875 0.01875 0.025
1 0.16328125 0.3578125 0.0140625 0.015625
1 0.2703125 0.08515625 0.009375 0.0109375
1 0.6640625 0.4859375 0.0125 0.015625
1 0.621875 0.18984375 0.0125 0.015625
1 0.64375 0.14609375 0.00859375 0.0140625
1 0.653125 0.14140625 0.00703125 0.01484375
1 0.565625 0.1265625 0.0078125 0.0109375
1 0.20546875 0.0640625 0.00625 0.0078125
1 0.203125 0.1171875 0.00625 0.009375