0 0.2328125 0.4515625 0.16796875 0.253125
2 0.21953125 0.59453125 0.05390625 0.2390625
2 0.86328125 0.2421875 0.05 0.1609375
2 0.640625 0.5203125 0.0796875 0.2234375
0 0.06328125 0.1734375 0.12578125 0.2734375
2 0.490625 0.46640625 0.06328125 0.203125
2 0.4625 0.03984375 0.040625 0.0796875
2 0.40390625 0.040625 0.0328125 0.08125
2 0.3921875 0.28046875 0.03671875 0.16171875
2 0.425 0.49375 0.06796875 0.2109375
0 0.2109375 0.14765625 0.234375 0.29453125
2 0.38671875 0.440625 0.04921875 0.1921875
1 0.3921875 0.221875 0.0109375 0.0171875
1 0.48515625 0.3859375 0.01328125 0.01953125
2 0.51484375 0.42109375 0.040625 0.18203125
1 0.51015625 0.3515625 0.0109375 0.01796875
1 0.3875 0.36484375 0.01171875 0.0171875