2 0.25703125 0.7828125 0.0765625 0.303125
2 0.77890625 0.28984375 0.0546875 0.203125
2 0.578125 0.53671875 0.071875 0.2546875
2 0.78203125 0.14140625 0.0484375 0.1546875
2 0.07734375 0.4609375 0.059375 0.2234375
2 0.18515625 0.853125 0.0921875 0.2
2 0.8375 0.0515625 0.0421875 0.1015625
2 0.94921875 0.02109375 0.0359375 0.0421875
2 0.46640625 0.03671875 0.034375 0.0734375
1 0.0796875 0.36796875 0.0125 0.0171875
1 0.778125 0.20234375 0.0125 0.0171875
1 0.2609375 0.66640625 0.0171875 0.021875
1 0.58046875 0.43671875 0.0140625 0.0171875