0 0.5171875 0.16796875 0.1359375 0.24453125
2 0.69140625 0.1984375 0.053125 0.1765625
2 0.178125 0.84453125 0.090625 0.2
2 0.31953125 0.8875 0.0890625 0.225
2 0.44296875 0.884375 0.1046875 0.23125
2 0.65546875 0.83203125 0.096875 0.3359375
2 0.5578125 0.29375 0.0578125 0.203125
2 0.7359375 0.3546875 0.0625 0.2375
2 0.534375 0.8171875 0.0875 0.3484375
2 0.75 0.78671875 0.09375 0.36875
2 0.73671875 0.15546875 0.0453125 0.1578125
2 0.76015625 0.06484375 0.04375 0.128125
0 0.4546875 0.0234375 0.096875 0.046875
2 0.6765625 0.0625 0.0421875 0.125
2 0.58671875 0.0359375 0.04375 0.071875
2 0.71796875 0.03359375 0.0421875 0.0671875
2 0.57421875 0.021875 0.0265625 0.04375
0 0.30078125 0.165625 0.13125 0.21484375
1 0.7328125 0.26484375 0.015625 0.02734375
1 0.65625 0.7125 0.02265625 0.034375