0 0.21171875 0.703125 0.1921875 0.32265625
0 0.91015625 0.23203125 0.134375 0.19921875
0 0.465625 0.16796875 0.1234375 0.18828125
2 0.45859375 0.5296875 0.071875 0.2578125
2 0.3859375 0.85859375 0.0875 0.2828125
2 0.6171875 0.26875 0.0546875 0.1890625
2 0.56171875 0.55234375 0.0765625 0.271875
2 0.1125 0.496875 0.05390625 0.2390625
2 0.66875 0.4640625 0.065625 0.24375
2 0.3375 0.2828125 0.0484375 0.184375
2 0.81484375 0.16484375 0.0484375 0.178125
2 0.75 0.253125 0.0515625 0.196875
2 0.1765625 0.3296875 0.053125 0.190625
2 0.4828125 0.0375 0.0328125 0.075
2 0.67421875 0.2734375 0.059375 0.1953125
2 0.31796875 0.18984375 0.0375 0.16875
2 0.725 0.17890625 0.0421875 0.1765625
2 0.87578125 0.0171875 0.0265625 0.034375
1 0.45703125 0.43046875 0.015625 0.03046875
1 0.6671875 0.36953125 0.015625 0.02578125
1 0.38984375 0.75234375 0.0203125 0.03359375
1 0.3375 0.209375 0.01171875 0.0203125
1 0.1125 0.403125 0.01640625 0.025
1 0.31953125 0.1234375 0.01171875 0.01875
1 0.75078125 0.1765625 0.01328125 0.01953125
1 0.81328125 0.09765625 0.01328125 0.0203125
1 0.1765625 0.2578125 0.0109375 0.01875