0 0.7984375 0.69375 0.19375 0.33671875
2 0.29921875 0.88359375 0.09140625 0.2328125
0 0.953125 0.09765625 0.09375 0.1609375
2 0.05859375 0.56953125 0.06484375 0.25390625
2 0.18671875 0.325 0.05 0.1859375
2 0.73515625 0.18671875 0.0546875 0.178125
2 0.81015625 0.1859375 0.04453125 0.16796875
2 0.38046875 0.184375 0.0453125 0.1625
2 0.4640625 0.19140625 0.046875 0.17421875
2 0.6546875 0.3546875 0.0515625 0.2125
2 0.78125 0.071875 0.03359375 0.14375
2 0.8671875 0.075 0.03828125 0.13984375
2 0.51171875 0.0515625 0.03671875 0.103125
1 0.38125 0.1203125 0.01171875 0.01875
1 0.65625 0.27421875 0.01328125 0.01953125