0 0.6984375 0.11640625 0.1140625 0.203125
2 0.36328125 0.37265625 0.0546875 0.21875
0 0.4015625 0.0765625 0.10625 0.153125
2 0.56015625 0.89765625 0.090625 0.2046875
2 0.63828125 0.58125 0.0703125 0.2859375
2 0.4953125 0.346875 0.0578125 0.2140625
2 0.9421875 0.21328125 0.065625 0.1875
2 0.55546875 0.49140625 0.0640625 0.253125
2 0.2703125 0.4578125 0.065625 0.2484375
2 0.58671875 0.23203125 0.0484375 0.196875
2 0.759375 0.65078125 0.078125 0.315625
2 0.5015625 0.1671875 0.0484375 0.1703125
2 0.715625 0.8390625 0.0921875 0.321875
2 0.98203125 0.0828125 0.0359375 0.1609375
2 0.55078125 0.0421875 0.0390625 0.084375
2 0.61953125 0.01640625 0.0390625 0.0328125
0 0.2984375 0.16640625 0.1265625 0.2328125
2 0.49765625 0.0875 0.040625 0.109375
0 0.4703125 0.021875 0.0609375 0.04375
1 0.553125 0.39296875 0.015625 0.0203125
1 0.28203125 0.35859375 0.0140625 0.0203125
1 0.26484375 0.3765625 0.0140625 0.021875
1 0.5875 0.16328125 0.0125 0.0140625
1 0.3625 0.28984375 0.0125 0.0171875
1 0.49375 0.271875 0.0125 0.015625
1 0.63515625 0.47265625 0.0140625 0.0203125
1 0.5 0.0984375 0.0125 0.01875