2 0.03828125 0.87734375 0.0765625 0.2453125
2 0.29375 0.6625 0.06875 0.2625
2 0.22265625 0.44609375 0.0421875 0.1875
2 0.66171875 0.3390625 0.0515625 0.1828125
2 0.73046875 0.65234375 0.06640625 0.271875
2 0.05 0.52578125 0.065625 0.2171875
2 0.63203125 0.77890625 0.084375 0.2953125
2 0.534375 0.32109375 0.0484375 0.178125
2 0.1015625 0.34375 0.04296875 0.15625
0 0.65390625 0.0734375 0.0671875 0.1078125
2 0.23359375 0.28828125 0.040625 0.1515625
2 0.13984375 0.25703125 0.0390625 0.1328125
2 0.596875 0.2484375 0.0390625 0.15
2 0.2765625 0.05078125 0.0265625 0.0984375
2 0.23125 0.19609375 0.0375 0.1171875
2 0.53203125 0.1125 0.028125 0.0984375
2 0.56015625 0.21796875 0.0390625 0.14375
2 0.73515625 0.01171875 0.0203125 0.0234375
2 0.57578125 0.15390625 0.03125 0.103125
2 0.23203125 0.03515625 0.01875 0.0703125
2 0.51875 0.046875 0.02109375 0.06875
2 0.940625 0.09765625 0.028125 0.11171875
2 0.5640625 0.0953125 0.025 0.08828125
2 0.90390625 0.05390625 0.025 0.096875
1 0.29296875 0.56015625 0.0140625 0.0234375
1 0.7296875 0.5515625 0.015625 0.028125
1 0.23125 0.228125 0.009375 0.009375
1 0.53359375 0.2640625 0.00859375 0.0171875
1 0.65859375 0.27578125 0.009375 0.01328125
1 0.59609375 0.1921875 0.01015625 0.015625
2 0.85390625 0.06015625 0.01875 0.096875
2 0.83359375 0.04140625 0.02109375 0.08046875
0 0.625 0.065625 0.040625 0.08203125
1 0.04765625 0.4578125 0.01171875 0.01640625