2 0.5296875 0.64453125 0.090625 0.31875
2 0.1859375 0.36796875 0.0921875 0.209375
2 0.61796875 0.35234375 0.0609375 0.240625
2 0.940625 0.1578125 0.0453125 0.1609375
2 0.44375 0.85 0.0953125 0.3
2 0.35703125 0.4375 0.078125 0.234375
2 0.58203125 0.046875 0.0359375 0.09375
0 0.4546875 0.0234375 0.0921875 0.046875
0 0.9546875 0.01796875 0.090625 0.0359375
2 0.6453125 0.009375 0.028125 0.01875
0 0.3 0.16484375 0.1296875 0.225
1 0.16484375 0.28515625 0.015625 0.0203125
1 0.61875 0.2640625 0.01328125 0.021875
1 0.43359375 0.77578125 0.01875 0.03046875
1 0.52890625 0.5390625 0.01875 0.028125
2 0.353125 0.29140625 0.09609375 0.2296875