0 0.403125 0.0734375 0.1078125 0.146875
2 0.503125 0.1515625 0.0453125 0.1671875
2 0.34921875 0.646875 0.0875 0.2890625
2 0.48671875 0.5640625 0.0703125 0.2765625
2 0.4703125 0.41640625 0.0609375 0.20625
2 0.59765625 0.6078125 0.0859375 0.3265625
0 0.3 0.1625 0.13125 0.23125
0 0.94296875 0.04375 0.0984375 0.0875
0 0.47421875 0.01875 0.0578125 0.0375
0 0.97734375 0.4546875 0.0453125 0.25625
2 0.7921875 0.00625 0.0421875 0.0125
1 0.47109375 0.340625 0.0140625 0.01875
1 0.4859375 0.459375 0.015625 0.01875
1 0.34921875 0.55078125 0.01484375 0.025