0 0.8484375 0.4578125 0.2078125 0.359375
0 0.95859375 0.08515625 0.0828125 0.1703125
2 0.69765625 0.3375 0.0625 0.21875
2 0.490625 0.79375 0.0953125 0.334375
2 0.87890625 0.2359375 0.0546875 0.10625
2 0.80078125 0.29140625 0.0578125 0.159375
2 0.62578125 0.34453125 0.0640625 0.20625
2 0.865625 0.04921875 0.04375 0.0984375
2 0.90390625 0.01171875 0.03125 0.0234375
1 0.69609375 0.25078125 0.0140625 0.0171875
1 0.6234375 0.2546875 0.0125 0.015625
1 0.490625 0.67109375 0.01875 0.0328125
1 0.80078125 0.240625 0.0140625 0.02265625
1 0.87890625 0.20703125 0.0109375 0.01796875