0 0.71953125 0.2375 0.12265625 0.215625
0 0.66171875 0.74375 0.2109375 0.36328125
0 0.4765625 0.2703125 0.13671875 0.2171875
2 0.3390625 0.66015625 0.0734375 0.265625
0 0.96875 0.1890625 0.0609375 0.18125
2 0.08125 0.67578125 0.0703125 0.275
0 0.4015625 0.07578125 0.109375 0.1515625
2 0.5421875 0.4140625 0.0609375 0.2296875
2 0.56953125 0.11015625 0.04375 0.16875
2 0.353125 0.3921875 0.0640625 0.21875
0 0.2984375 0.16328125 0.1265625 0.21875
2 0.66953125 0.08828125 0.046875 0.1546875
2 0.33359375 0.29375 0.0546875 0.1875
2 0.396875 0.175 0.0453125 0.1625
2 0.61640625 0.05078125 0.04375 0.1
2 0.73671875 0.07578125 0.04375 0.128125
0 0.4734375 0.02265625 0.05625 0.0453125
2 0.68359375 0.0265625 0.040625 0.053125
0 0.65625 0.9625 0.1984375 0.075
1 0.34296875 0.5578125 0.015625 0.02265625
1 0.3484375 0.3140625 0.0140625 0.02578125
1 0.66953125 0.0328125 0.009375 0.015625