2 0.63203125 0.1734375 0.04375 0.184375
2 0.390625 0.2625 0.0546875 0.20625
0 0.40078125 0.0765625 0.1078125 0.153125
2 0.475 0.50625 0.0734375 0.25625
2 0.3140625 0.72734375 0.0765625 0.296875
2 0.74375 0.13515625 0.0421875 0.165625
2 0.5828125 0.1078125 0.0421875 0.1546875
2 0.57109375 0.03984375 0.0390625 0.0796875
2 0.50625 0.1390625 0.053125 0.1703125
0 0.3 0.16484375 0.13125 0.2296875
0 0.47265625 0.01484375 0.05625 0.0296875
1 0.39296875 0.19453125 0.0109375 0.0171875
1 0.3125 0.61328125 0.015625 0.0203125
1 0.47109375 0.40859375 0.0140625 0.02421875
1 0.58125 0.046875 0.01015625 0.01640625
1 0.6328125 0.10625 0.009375 0.0125