2 0.40546875 0.67421875 0.08125 0.290625
2 0.5671875 0.71328125 0.078125 0.3046875
2 0.60234375 0.39140625 0.0640625 0.234375
2 0.853125 0.2234375 0.046875 0.1828125
2 0.69609375 0.35546875 0.053125 0.215625
2 0.9140625 0.09921875 0.053125 0.1765625
2 0.71796875 0.23359375 0.0546875 0.1875
2 0.459375 0.03984375 0.0390625 0.0796875
2 0.1921875 0.34453125 0.05625 0.2078125
2 0.82890625 0.11875 0.046875 0.1703125
0 0.9890625 0.0390625 0.021875 0.078125
1 0.18671875 0.2703125 0.0109375 0.015625
1 0.696875 0.26015625 0.0125 0.0171875
1 0.6015625 0.3015625 0.015625 0.01875
1 0.91328125 0.03671875 0.0078125 0.0109375
1 0.853125 0.153125 0.009375 0.0125
1 0.70703125 0.10546875 0.0109375 0.0140625
1 0.56953125 0.6 0.01640625 0.02734375
2 0.70859375 0.16015625 0.03671875 0.15703125