0 0.75859375 0.86328125 0.2734375 0.2734375
2 0.55078125 0.41328125 0.0796875 0.240625
2 0.61875 0.31640625 0.0546875 0.215625
2 0.6296875 0.5828125 0.0703125 0.2828125
2 0.48046875 0.865625 0.0984375 0.2671875
2 0.16875 0.859375 0.103125 0.28125
2 0.76875 0.46171875 0.065625 0.2546875
2 0.7203125 0.2046875 0.0453125 0.1875
2 0.4703125 0.68359375 0.078125 0.24375
2 0.50390625 0.528125 0.06875 0.2375
2 0.8640625 0.05546875 0.0390625 0.109375
2 0.8015625 0.0921875 0.040625 0.153125
2 0.959375 0.04453125 0.0375 0.0890625
2 0.24375 0.26328125 0.04375 0.18125
2 0.909375 0.0078125 0.0296875 0.015625
1 0.16953125 0.75625 0.0171875 0.028125
1 0.48359375 0.7046875 0.0171875 0.021875
1 0.50546875 0.43515625 0.0140625 0.0171875
1 0.48203125 0.76328125 0.0171875 0.0203125
1 0.6296875 0.478125 0.0125 0.015625
1 0.76328125 0.36328125 0.0140625 0.0171875
1 0.240625 0.19375 0.009375 0.0125
1 0.61875 0.23828125 0.015625 0.0203125
1 0.4734375 0.59375 0.015625 0.01875
1 0.71953125 0.13984375 0.0078125 0.0109375
1 0.7984375 0.0375 0.0125 0.015625
1 0.54375 0.32265625 0.01328125 0.02109375