2 0.4625 0.88203125 0.090625 0.234375
2 0.02734375 0.5 0.0546875 0.234375
2 0.6109375 0.825 0.109375 0.35
2 0.58828125 0.4796875 0.0796875 0.26875
2 0.70390625 0.27421875 0.0640625 0.209375
2 0.815625 0.10234375 0.046875 0.1625
2 0.8671875 0.0671875 0.0421875 0.134375
2 0.45546875 0.040625 0.040625 0.08125
1 0.7046875 0.19921875 0.0109375 0.015625
1 0.59140625 0.37578125 0.0140625 0.0203125
1 0.61328125 0.71328125 0.02109375 0.03203125
1 0.4640625 0.79765625 0.0203125 0.0328125
1 0.81796875 0.040625 0.01171875 0.01484375