0 0.85703125 0.29140625 0.19609375 0.24765625
2 0.92109375 0.55 0.071875 0.24140625
2 0.609375 0.22265625 0.06484375 0.19375
2 0.48515625 0.1796875 0.059375 0.18125
2 0.52734375 0.20078125 0.06484375 0.18046875
2 0.725 0.246875 0.06796875 0.21015625
2 0.88203125 0.11328125 0.053125 0.15
2 0.94921875 0.02890625 0.0421875 0.0578125
2 0.65859375 0.13046875 0.06171875 0.13828125
2 0.11171875 0.89453125 0.2046875 0.2109375
2 0.6671875 0.23359375 0.06640625 0.18828125
2 0.821875 0.1453125 0.0515625 0.10625
2 0.99453125 0.215625 0.01015625 0.14375
2 0.584375 0.1921875 0.04921875 0.20234375
1 0.59453125 0.11015625 0.0125 0.01796875
1 0.61484375 0.1484375 0.0125 0.015625
1 0.71953125 0.1046875 0.0109375 0.01328125
2 0.54453125 0.1140625 0.05390625 0.11640625