0 0.24140625 0.334375 0.1046875 0.1671875
2 0.65078125 0.71796875 0.0734375 0.26484375
2 0.91484375 0.53125 0.0609375 0.2296875
2 0.95 0.8796875 0.08125 0.240625
2 0.8 0.5 0.06015625 0.2390625
2 0.55 0.4625 0.05703125 0.23125
2 0.78046875 0.7890625 0.084375 0.2921875
2 0.6828125 0.51328125 0.06328125 0.2296875
2 0.86875 0.68671875 0.0796875 0.27421875
2 0.26484375 0.19609375 0.03125 0.115625
2 0.53046875 0.271875 0.0359375 0.1421875
2 0.728125 0.3859375 0.04765625 0.184375
2 0.696875 0.28203125 0.0421875 0.140625
2 0.58203125 0.2734375 0.0421875 0.1234375
2 0.26640625 0.10234375 0.03125 0.109375
2 0.98203125 0.76796875 0.0359375 0.26875
2 0.6234375 0.3140625 0.0421875 0.1625
2 0.65703125 0.35390625 0.0453125 0.171875
2 0.53671875 0.18125 0.0328125 0.11953125
2 0.30078125 0.02578125 0.0234375 0.0515625
2 0.184375 0.9203125 0.0765625 0.159375
2 0.5875 0.3921875 0.04375 0.1828125
2 0.75390625 0.665625 0.0734375 0.1984375
2 0.559375 0.0671875 0.0203125 0.071875
2 0.53984375 0.09765625 0.0203125 0.0578125
2 0.60234375 0.19921875 0.03515625 0.12578125
2 0.58515625 0.08984375 0.0234375 0.0859375
2 0.53984375 0.1109375 0.021875 0.0828125
2 0.54140625 0.03828125 0.0125 0.0546875
1 0.94375 0.79375 0.01875 0.03125
1 0.79609375 0.415625 0.01484375 0.02109375
1 0.75078125 0.59921875 0.015625 0.02421875
1 0.65234375 0.62578125 0.01640625 0.0203125
1 0.9109375 0.44375 0.01328125 0.01796875
2 0.11015625 0.6078125 0.0515625 0.21640625
1 0.10859375 0.5234375 0.0109375 0.01953125