2 0.81328125 0.340625 0.065625 0.234375
2 0.39296875 0.665625 0.0734375 0.278125
2 0.903125 0.33828125 0.0625 0.2234375
2 0.48046875 0.4359375 0.0703125 0.228125
2 0.7015625 0.37265625 0.0625 0.2203125
2 0.55234375 0.5046875 0.0671875 0.2515625
2 0.746875 0.21328125 0.0484375 0.1921875
2 0.90078125 0.0609375 0.05625 0.121875
2 0.8375 0.18828125 0.0484375 0.1703125
2 0.45234375 0.0671875 0.0375 0.134375
2 0.5109375 0.078125 0.0390625 0.15
2 0.9578125 0.0125 0.0390625 0.025
2 0.81953125 0.103125 0.053125 0.171875
1 0.8140625 0.2515625 0.015625 0.02265625
1 0.90078125 0.259375 0.01484375 0.0234375
1 0.696875 0.29375 0.015625 0.02109375
1 0.48046875 0.3546875 0.01171875 0.0171875
1 0.55078125 0.41171875 0.0140625 0.01875