2 0.47421875 0.88203125 0.1 0.2359375
2 0.61328125 0.884375 0.1234375 0.23125
2 0.1875 0.8484375 0.1 0.225
2 0.665625 0.35390625 0.0640625 0.2328125
2 0.678125 0.57109375 0.078125 0.2625
2 0.57890625 0.5609375 0.078125 0.2734375
2 0.759375 0.234375 0.053125 0.196875
2 0.22578125 0.371875 0.0578125 0.209375
2 0.94375 0.08125 0.046875 0.159375
2 0.81875 0.13671875 0.0484375 0.165625
2 0.8796875 0.05625 0.0390625 0.1125
2 0.8 0.071875 0.0375 0.1421875
2 0.23671875 0.96015625 0.0890625 0.0796875
2 0.9859375 0.03984375 0.028125 0.0796875
2 0.85859375 0.05390625 0.0375 0.1078125
1 0.63125 0.81015625 0.01796875 0.0265625
1 0.75703125 0.1609375 0.0140625 0.01875
1 0.47265625 0.80546875 0.0203125 0.0296875
1 0.2359375 0.98125 0.02421875 0.03203125
1 0.22890625 0.2140625 0.0125 0.01484375
1 0.6671875 0.28515625 0.015625 0.021875
1 0.6765625 0.46796875 0.015625 0.0265625
1 0.6109375 0.81796875 0.021875 0.0328125