2 0.590625 0.37890625 0.059375 0.221875
2 0.41328125 0.90078125 0.0984375 0.1984375
2 0.259375 0.56953125 0.065625 0.2671875
2 0.47578125 0.28046875 0.0546875 0.196875
2 0.53828125 0.13046875 0.0421875 0.1625
0 0.396875 0.07421875 0.1015625 0.1484375
2 0.6546875 0.06484375 0.040625 0.1296875
2 0.67578125 0.15234375 0.0453125 0.1625
2 0.55078125 0.30078125 0.053125 0.20625
0 0.3015625 0.1671875 0.13125 0.228125
2 0.45546875 0.13671875 0.046875 0.16875
2 0.75703125 0.0296875 0.0390625 0.059375
0 0.465625 0.021875 0.0734375 0.04375
2 0.9875 0.0125 0.025 0.025
1 0.41328125 0.83984375 0.0203125 0.0265625
1 0.25859375 0.46875 0.0140625 0.015625
1 0.47890625 0.2078125 0.0109375 0.0125
1 0.453125 0.0453125 0.009375 0.0125
1 0.590625 0.29609375 0.009375 0.0140625
1 0.55 0.22734375 0.0125 0.01953125
1 0.53671875 0.0671875 0.00859375 0.0140625
1 0.6765625 0.0890625 0.00859375 0.0140625