2 0.66640625 0.24609375 0.0546875 0.1984375
2 0.48359375 0.22109375 0.0515625 0.19375
2 0.4078125 0.384375 0.05625 0.228125
2 0.57109375 0.41953125 0.0609375 0.246875
2 0.74609375 0.07890625 0.0421875 0.1578125
2 0.56640625 0.0125 0.034375 0.025
0 0.3046875 0.16171875 0.1375 0.2265625
2 0.98984375 0.30546875 0.0203125 0.2171875
2 0.171875 0.9234375 0.1171875 0.153125
1 0.56875 0.32265625 0.01640625 0.0296875
1 0.66640625 0.1734375 0.01484375 0.021875
2 0.72890625 0.04921875 0.0359375 0.0984375
0 0.475 0.02265625 0.05390625 0.0453125