2 0.0203125 0.56953125 0.040625 0.2078125
2 0.48203125 0.49921875 0.06015625 0.21796875
2 0.31484375 0.496875 0.0640625 0.21640625
2 0.6796875 0.1859375 0.0453125 0.1484375
2 0.9578125 0.86796875 0.08125 0.2640625
2 0.1171875 0.08203125 0.03359375 0.1296875
2 0.78125 0.6875 0.075 0.2421875
2 0.40703125 0.3375 0.04609375 0.1734375
2 0.20390625 0.41015625 0.05078125 0.18515625
2 0.20859375 0.63828125 0.06171875 0.23125
2 0.425 0.0234375 0.03125 0.046875
2 0.559375 0.06484375 0.0375 0.11875
2 0.46953125 0.015625 0.02734375 0.03046875
2 0.16171875 0.459375 0.05859375 0.19140625
1 0.3125 0.4140625 0.0140625 0.02109375
1 0.2 0.33984375 0.01328125 0.01953125