0 0.22890625 0.39453125 0.128125 0.2
2 0.04609375 0.8625 0.090625 0.2671875
0 0.7125 0.08984375 0.0921875 0.14375
2 0.97265625 0.55234375 0.0546875 0.26015625
2 0.64140625 0.40625 0.0578125 0.22421875
2 0.5640625 0.78671875 0.08046875 0.3359375
2 0.7140625 0.28984375 0.04921875 0.1765625
2 0.775 0.77890625 0.07265625 0.30078125
2 0.01796875 0.5390625 0.0359375 0.2328125
2 0.83359375 0.5078125 0.06015625 0.20546875
2 0.8609375 0.675 0.07421875 0.26640625
2 0.14765625 0.2890625 0.046875 0.1703125
2 0.1828125 0.14609375 0.0421875 0.13203125
0 0.6359375 0.0625 0.0640625 0.0953125
2 0.97734375 0.896875 0.0453125 0.20625
2 0.59453125 0.3015625 0.04296875 0.19375
2 0.25625 0.153125 0.0328125 0.1265625
2 0.296875 0.31484375 0.0390625 0.16640625
2 0.55234375 0.12421875 0.0296875 0.121875
2 0.3515625 0.1203125 0.0328125 0.140625
2 0.58671875 0.17734375 0.0390625 0.1359375
2 0.77109375 0.0125 0.0203125 0.025
2 0.27734375 0.24296875 0.03359375 0.15546875
2 0.375 0.05234375 0.0265625 0.1046875
2 0.27890625 0.0734375 0.02890625 0.11328125
2 0.33359375 0.03828125 0.0296875 0.0765625
2 0.5140625 0.07578125 0.028125 0.1046875
0 0.675 0.03125 0.0515625 0.0625
2 0.9859375 0.0953125 0.028125 0.128125
2 0.8328125 0.940625 0.078125 0.11875
2 0.58828125 0.0796875 0.02578125 0.0875
2 0.93984375 0.0421875 0.034375 0.0828125
2 0.81875 0.04296875 0.0328125 0.0859375
2 0.56015625 0.0515625 0.021875 0.0765625
0 0.6328125 0.009375 0.0421875 0.01875
1 0.82890625 0.43046875 0.0140625 0.02109375
1 0.85625 0.571875 0.01640625 0.02265625
1 0.56640625 0.67265625 0.0171875 0.0234375
1 0.640625 0.32578125 0.01171875 0.01953125
1 0.775 0.66953125 0.01640625 0.03046875
1 0.84140625 0.95390625 0.02421875 0.028125
1 0.59296875 0.22734375 0.0109375 0.015625