0 0.834375 0.3640625 0.13125 0.18984375
0 0.82421875 0.0859375 0.06875 0.0984375
0 0.75546875 0.2109375 0.09375 0.178125
2 0.7578125 0.49296875 0.05625 0.1984375
2 0.23828125 0.35625 0.0453125 0.1734375
2 0.14453125 0.3671875 0.0453125 0.1734375
2 0.715625 0.81015625 0.0765625 0.2921875
2 0.55234375 0.35546875 0.05 0.175
2 0.69453125 0.3390625 0.0515625 0.1875
0 0.66953125 0.075 0.0640625 0.0953125
2 0.778125 0.63203125 0.07578125 0.265625
2 0.6171875 0.32421875 0.0453125 0.1796875
2 0.28046875 0.1171875 0.03125 0.1078125
2 0.20078125 0.21484375 0.03515625 0.1359375
2 0.15703125 0.2109375 0.0359375 0.134375
2 0.35703125 0.0546875 0.0296875 0.0984375
0 0.68828125 0.1609375 0.059375 0.13125
2 0.57890625 0.19375 0.03125 0.13046875
2 0.2828125 0.015625 0.015625 0.03125
2 0.31328125 0.03125 0.021875 0.0609375
2 0.55625 0.2265625 0.0390625 0.140625
2 0.3296875 0.0171875 0.01875 0.034375
2 0.7671875 0.01875 0.0171875 0.0359375
2 0.6375 0.11484375 0.028125 0.0984375
2 0.2671875 0.046875 0.025 0.0875
2 0.9859375 0.0921875 0.028125 0.1171875
2 0.71796875 0.0125 0.0140625 0.025
2 0.58984375 0.1125 0.0296875 0.0890625
2 0.61484375 0.075 0.0265625 0.0875
2 0.56171875 0.0953125 0.0265625 0.084375
2 0.35546875 0.01875 0.0203125 0.0375
1 0.70625 0.69609375 0.01875 0.0234375
1 0.746875 0.41796875 0.01328125 0.0203125
1 0.77421875 0.53203125 0.015625 0.0234375