0 0.87421875 0.41171875 0.184375 0.340625
2 0.58671875 0.67578125 0.0796875 0.3296875
0 0.9140625 0.11953125 0.1296875 0.2171875
2 0.02890625 0.51953125 0.0578125 0.2484375
2 0.4234375 0.14609375 0.04375 0.159375
2 0.24375 0.42265625 0.0671875 0.240625
2 0.30703125 0.359375 0.059375 0.209375
2 0.79765625 0.06640625 0.04375 0.1328125
2 0.98203125 0.0125 0.0296875 0.025
2 0.840625 0.075 0.0421875 0.1390625
1 0.0203125 0.43515625 0.0140625 0.0234375
1 0.2421875 0.353125 0.0125 0.02890625
1 0.5875 0.54765625 0.01875 0.0265625
1 0.4234375 0.090625 0.01015625 0.0140625