2 0.475 0.62734375 0.0796875 0.2890625
0 0.97109375 0.071875 0.0578125 0.14375
2 0.784375 0.41171875 0.0625 0.2296875
2 0.5875 0.6125 0.071875 0.290625
2 0.05625 0.50078125 0.0671875 0.2390625
2 0.63828125 0.25625 0.0484375 0.1890625
2 0.77109375 0.2359375 0.0546875 0.190625
2 0.6234375 0.39296875 0.059375 0.23125
2 0.459375 0.03984375 0.0390625 0.0796875
2 0.87109375 0.2125 0.0546875 0.19765625
2 0.84609375 0.16953125 0.04375 0.1703125
1 0.4734375 0.51796875 0.021875 0.028125
1 0.5875 0.49921875 0.015625 0.02578125
1 0.63515625 0.190625 0.01328125 0.01875
1 0.78515625 0.325 0.01484375 0.021875
1 0.0515625 0.4125 0.0140625 0.0234375
2 0.76875 0.1375 0.04453125 0.09453125
1 0.86875 0.13515625 0.0125 0.02421875
2 0.8546875 0.02734375 0.0390625 0.0546875