0 0.71015625 0.16640625 0.0984375 0.1578125
2 0.178125 0.81875 0.0765625 0.2875
2 0.70390625 0.578125 0.065625 0.2359375
2 0.17890625 0.47421875 0.0609375 0.2046875
0 0.62578125 0.046875 0.053125 0.07578125
2 0.6625 0.76015625 0.06796875 0.2875
2 0.58203125 0.378125 0.053125 0.1921875
2 0.69765625 0.2484375 0.0359375 0.14921875
2 0.66484375 0.93984375 0.096875 0.1203125
2 0.553125 0.19921875 0.0328125 0.1375
2 0.50546875 0.065625 0.021875 0.0796875
2 0.94375 0.065625 0.025 0.09765625
2 0.72265625 0.0171875 0.015625 0.034375
2 0.60703125 0.07421875 0.025 0.08515625
2 0.74375 0.0109375 0.015625 0.021875
2 0.6921875 0.0078125 0.01328125 0.015625
2 0.7703125 0.009375 0.0109375 0.01875
2 0.57109375 0.0421875 0.021875 0.06875
2 0.53515625 0.06171875 0.021875 0.0734375
2 0.790625 0.02421875 0.0171875 0.0484375
2 0.52734375 0.13046875 0.028125 0.103125
2 0.57109375 0.13203125 0.0296875 0.1140625
2 0.5546875 0.01484375 0.01171875 0.0296875
2 0.8171875 0.03828125 0.021875 0.07578125
1 0.66171875 0.9421875 0.01953125 0.028125
1 0.65859375 0.64609375 0.01796875 0.02421875
1 0.17578125 0.7125 0.0171875 0.0234375
1 0.58046875 0.303125 0.0109375 0.021875
1 0.703125 0.48984375 0.0171875 0.01953125
1 0.17265625 0.40078125 0.01171875 0.01875