0 0.67890625 0.0515625 0.071875 0.1015625
2 0.621875 0.51484375 0.06640625 0.2296875
2 0.82578125 0.8078125 0.090625 0.346875
2 0.49140625 0.77578125 0.07890625 0.3015625
2 0.7015625 0.33125 0.0484375 0.18671875
2 0.584375 0.315625 0.0515625 0.1875
2 0.6265625 0.2765625 0.05 0.1859375
2 0.21796875 0.0828125 0.034375 0.1125
2 0.1828125 0.14453125 0.03359375 0.125
2 0.61875 0.1109375 0.034375 0.121875
2 0.80703125 0.01015625 0.0171875 0.0203125
2 0.5375 0.03046875 0.02265625 0.0609375
2 0.5984375 0.1890625 0.0390625 0.1421875
2 0.96796875 0.0671875 0.02578125 0.11328125
2 0.57421875 0.00703125 0.0171875 0.0140625
1 0.59609375 0.13125 0.01015625 0.01484375
1 0.6984375 0.26015625 0.0125 0.0171875
1 0.625 0.2078125 0.0125 0.01640625
2 0.8859375 0.0328125 0.0234375 0.06484375
2 0.8421875 0.028125 0.0203125 0.05546875
2 0.8609375 0.01171875 0.01875 0.0234375