0 0.40234375 0.07578125 0.1046875 0.1515625
2 0.55 0.909375 0.096875 0.18125
2 0.48203125 0.7796875 0.0828125 0.334375
2 0.26875 0.79453125 0.0875 0.315625
2 0.6765625 0.2453125 0.053125 0.2046875
2 0.26484375 0.5453125 0.0828125 0.271875
2 0.3578125 0.37421875 0.0609375 0.221875
2 0.41015625 0.54140625 0.0671875 0.265625
2 0.7328125 0.078125 0.0421875 0.15625
2 0.578125 0.06796875 0.0375 0.1359375
2 0.55234375 0.04921875 0.0390625 0.0984375
2 0.984375 0.0640625 0.03125 0.1265625
0 0.46875 0.02109375 0.065625 0.0421875
0 0.29921875 0.1640625 0.1265625 0.234375
1 0.47890625 0.65234375 0.0203125 0.0296875
1 0.265625 0.46015625 0.01796875 0.0265625
1 0.54609375 0.8625 0.021875 0.03984375
1 0.4078125 0.44296875 0.01484375 0.0265625