0 0.9453125 0.12578125 0.1078125 0.2
2 0.43984375 0.87109375 0.1015625 0.25625
2 0.63046875 0.4671875 0.078125 0.265625
2 0.74140625 0.2359375 0.05 0.190625
2 0.3984375 0.1296875 0.040625 0.146875
2 0.678125 0.22265625 0.0484375 0.1921875
2 0.86796875 0.078125 0.0453125 0.1546875
2 0.91328125 0.03125 0.034375 0.0625
2 0.8078125 0.09375 0.03671875 0.1671875
2 0.15625 0.94453125 0.078125 0.1109375
2 0.88828125 0.0171875 0.025 0.034375
1 0.6328125 0.36875 0.015625 0.02421875
1 0.67421875 0.1484375 0.0109375 0.01875
2 0.78359375 0.07421875 0.0328125 0.13984375