0 0.1921875 0.16484375 0.13671875 0.20625
0 0.725 0.2765625 0.1765625 0.1859375
2 0.34921875 0.54375 0.06328125 0.21875
2 0.05 0.5328125 0.053125 0.20859375
2 0.14453125 0.2890625 0.0421875 0.16796875
2 0.46796875 0.11171875 0.0375 0.13125
2 0.46640625 0.415625 0.0578125 0.14921875
2 0.2546875 0.52265625 0.05390625 0.21015625
2 0.4703125 0.03515625 0.0328125 0.0703125
2 0.009375 0.44296875 0.01875 0.159375
1 0.25546875 0.4359375 0.0140625 0.01953125
2 0.1375 0.53125 0.0546875 0.19140625
2 0.1875 0.47265625 0.0453125 0.15859375