0 0.68984375 0.4484375 0.1734375 0.3140625
2 0.178125 0.6859375 0.078125 0.29375
0 0.4015625 0.07265625 0.109375 0.1453125
2 0.51875 0.6078125 0.075 0.3
2 0.56953125 0.11484375 0.046875 0.165625
2 0.6453125 0.0671875 0.046875 0.134375
2 0.39140625 0.38046875 0.0640625 0.240625
2 0.32109375 0.77890625 0.0875 0.3328125
0 0.2984375 0.16484375 0.13125 0.2265625
2 0.428125 0.19609375 0.0484375 0.178125
2 0.35703125 0.2921875 0.0609375 0.2078125
2 0.04296875 0.82734375 0.0859375 0.3390625
2 0.4984375 0.94296875 0.0984375 0.1140625
2 0.9046875 0.01953125 0.046875 0.0390625
0 0.4734375 0.021875 0.0546875 0.04375
2 0.728125 0.028125 0.05 0.05625
2 0.625 0.0328125 0.03125 0.065625
1 0.17890625 0.58046875 0.01640625 0.02890625
1 0.515625 0.50234375 0.01875 0.03046875
1 0.31796875 0.67421875 0.021875 0.0359375