0 0.9390625 0.11328125 0.109375 0.18046875
2 0.63984375 0.40859375 0.0515625 0.21953125
2 0.72421875 0.36015625 0.05390625 0.2375
2 0.215625 0.45234375 0.05859375 0.21484375
2 0.47109375 0.54140625 0.0609375 0.25625
2 0.57109375 0.32578125 0.05 0.196875
2 0.84921875 0.06796875 0.03125 0.1359375
2 0.52265625 0.0546875 0.0359375 0.109375
2 0.95546875 0.01328125 0.0296875 0.0265625
1 0.21328125 0.3703125 0.0125 0.02109375
1 0.72265625 0.2828125 0.01328125 0.02421875
1 0.47265625 0.446875 0.01484375 0.02421875