2 0.82265625 0.421875 0.0671875 0.234375
2 0.4609375 0.5640625 0.0734375 0.253125
2 0.71875 0.4 0.06875 0.2390625
2 0.6375 0.44609375 0.075 0.253125
2 0.66953125 0.2359375 0.05 0.1875
2 0.36953125 0.1859375 0.046875 0.1640625
2 0.971875 0.04140625 0.0359375 0.0828125
2 0.84453125 0.04375 0.0375 0.0875
2 0.91171875 0.02734375 0.0296875 0.0546875
1 0.6671875 0.15859375 0.0109375 0.0171875
1 0.63203125 0.353125 0.0125 0.0171875
1 0.7171875 0.3125 0.0171875 0.02265625
1 0.8234375 0.340625 0.01484375 0.02265625