0 0.378125 0.609375 0.20625 0.2984375
0 0.95078125 0.27265625 0.0984375 0.228125
0 0.4015625 0.0765625 0.10625 0.153125
2 0.46640625 0.39609375 0.0578125 0.2046875
2 0.534375 0.78359375 0.0890625 0.3265625
2 0.534375 0.14296875 0.0484375 0.1515625
2 0.45 0.9328125 0.0984375 0.134375
2 0.9625 0.065625 0.0421875 0.13125
2 0.528125 0.3171875 0.0578125 0.2109375
2 0.30390625 0.4734375 0.06875 0.20625
2 0.71953125 0.7453125 0.0921875 0.3671875
2 0.43203125 0.2765625 0.0546875 0.20625
2 0.61875 0.10078125 0.046875 0.1546875
2 0.5890625 0.1796875 0.046875 0.1796875
2 0.68671875 0.078125 0.0390625 0.15234375
2 0.55546875 0.02578125 0.0359375 0.0515625
2 0.61171875 0.01640625 0.040625 0.0328125
0 0.4734375 0.021875 0.05625 0.04375
0 0.98125 0.51640625 0.0375 0.3078125
2 0.1953125 0.52734375 0.0796875 0.2328125
1 0.540625 0.6578125 0.01875 0.028125
1 0.303125 0.41171875 0.015625 0.0296875
1 0.20390625 0.43984375 0.01640625 0.02734375
1 0.52890625 0.23671875 0.0140625 0.02421875
1 0.465625 0.3203125 0.0140625 0.02265625
1 0.3171875 0.39921875 0.0125 0.02421875
1 0.534375 0.08828125 0.01484375 0.0203125
1 0.7140625 0.62421875 0.01796875 0.03125
1 0.58984375 0.11328125 0.0109375 0.01953125
0 0.3 0.17109375 0.13359375 0.23046875
1 0.61875 0.0375 0.01171875 0.0203125
1 0.68515625 0.02109375 0.01171875 0.02109375