0 0.92890625 0.20234375 0.1359375 0.2328125
2 0.034375 0.44765625 0.06875 0.2109375
2 0.3890625 0.8015625 0.10625 0.340625
2 0.76484375 0.24453125 0.05 0.19375
2 0.61015625 0.471875 0.075 0.2515625
2 0.6953125 0.66328125 0.08125 0.3
2 0.4453125 0.56875 0.0875 0.28125
2 0.91484375 0.03828125 0.0421875 0.0765625
2 0.98203125 0.02890625 0.034375 0.0578125
2 0.83984375 0.0484375 0.0421875 0.096875
2 0.53359375 0.97734375 0.109375 0.0453125
1 0.440625 0.4796875 0.01875 0.0203125
1 0.69296875 0.55 0.01875 0.0328125