0 0.52578125 0.29296875 0.1484375 0.215625
0 0.4015625 0.07578125 0.109375 0.1515625
2 0.4515625 0.23203125 0.053125 0.1765625
2 0.66875 0.3578125 0.0609375 0.215625
2 0.7515625 0.23203125 0.059375 0.2109375
2 0.11484375 0.85703125 0.0859375 0.2859375
2 0.615625 0.11796875 0.0484375 0.1609375
2 0.51875 0.10078125 0.046875 0.165625
2 0.68828125 0.03828125 0.0390625 0.0765625
2 0.553125 0.14140625 0.046875 0.1109375
2 0.5984375 0.04296875 0.0390625 0.084375
2 0.67109375 0.2390625 0.05 0.140625
2 0.659375 0.01796875 0.0375 0.0359375
0 0.47265625 0.01953125 0.059375 0.0390625
0 0.984375 0.6609375 0.03125 0.3734375
1 0.11171875 0.75234375 0.0203125 0.0296875
1 0.67109375 0.19296875 0.0109375 0.01796875
1 0.2328125 0.3875 0.015625 0.025
1 0.553125 0.1109375 0.0109375 0.01484375
1 0.75234375 0.1578125 0.0109375 0.015625
1 0.4515625 0.17265625 0.00859375 0.01171875
1 0.46171875 0.1640625 0.00859375 0.01328125
0 0.30625 0.16875 0.13125 0.22578125
1 0.61484375 0.05234375 0.0109375 0.01875