0 0.90703125 0.24609375 0.1359375 0.215625
2 0.559375 0.53828125 0.0796875 0.2859375
2 0.471875 0.7921875 0.084375 0.3140625
2 0.7484375 0.73359375 0.078125 0.3125
2 0.2890625 0.30390625 0.0515625 0.20625
2 0.4546875 0.0890625 0.040625 0.1484375
2 0.125 0.41640625 0.0578125 0.2125
2 0.7546875 0.22109375 0.05 0.1921875
2 0.715625 0.184375 0.046875 0.1828125
2 0.909375 0.04453125 0.0359375 0.0890625
2 0.8796875 0.0984375 0.0375 0.125
2 0.8046875 0.11875 0.046875 0.1796875
2 0.534375 0.09765625 0.0359375 0.146875
2 0.53828125 0.02109375 0.0265625 0.0421875
1 0.7453125 0.61328125 0.01875 0.0234375
1 0.28984375 0.22734375 0.0109375 0.0140625
1 0.75390625 0.1484375 0.0109375 0.015625
1 0.471875 0.675 0.01875 0.021875
1 0.5640625 0.440625 0.01796875 0.025
1 0.45078125 0.040625 0.0078125 0.01328125
1 0.553125 0.4296875 0.01171875 0.0265625