0 0.85546875 0.54921875 0.2015625 0.3625
0 0.9078125 0.20078125 0.1453125 0.2359375
2 0.3265625 0.84765625 0.09375 0.3015625
2 0.48671875 0.8578125 0.0859375 0.284375
2 0.15703125 0.4625 0.0671875 0.221875
2 0.46796875 0.2109375 0.053125 0.1734375
2 0.53828125 0.59296875 0.071875 0.271875
2 0.46640625 0.55625 0.078125 0.265625
2 0.16640625 0.66328125 0.0765625 0.2734375
2 0.3 0.3796875 0.059375 0.2109375
2 0.68046875 0.2265625 0.0546875 0.1890625
2 0.809375 0.06328125 0.0515625 0.1265625
2 0.771875 0.1421875 0.0453125 0.159375
2 0.30859375 0.24296875 0.046875 0.175
2 0.37734375 0.19296875 0.0515625 0.19375
2 0.88984375 0.05234375 0.05 0.1046875
2 0.434375 0.10625 0.040625 0.146875
2 0.46875 0.0546875 0.040625 0.109375
2 0.46640625 0.128125 0.0421875 0.1203125
2 0.22890625 0.9765625 0.0796875 0.046875
1 0.465625 0.453125 0.0125 0.01875
1 0.5375 0.49296875 0.015625 0.02890625
1 0.30703125 0.17578125 0.009375 0.0125
1 0.675 0.16796875 0.009375 0.01796875
1 0.16484375 0.5640625 0.01640625 0.02578125
1 0.29921875 0.29765625 0.0109375 0.01875
1 0.32265625 0.759375 0.0140625 0.025