0 0.9375 0.18359375 0.1234375 0.19140625
2 0.528125 0.83984375 0.08203125 0.3125
2 0.60703125 0.60625 0.075 0.2859375
0 0.49765625 0.1234375 0.10234375 0.18515625
2 0.71015625 0.615625 0.09375 0.2890625
2 0.38046875 0.7171875 0.08203125 0.3046875
2 0.15546875 0.6921875 0.08203125 0.30625
2 0.0671875 0.59921875 0.06796875 0.2484375
2 0.73671875 0.3125 0.0578125 0.221875
2 0.80546875 0.16015625 0.04140625 0.15703125
2 0.32734375 0.2921875 0.05 0.1828125
2 0.28125 0.28359375 0.046875 0.1796875
2 0.84609375 0.0546875 0.03359375 0.109375
0 0.97421875 0.04296875 0.0515625 0.084375
2 0.88515625 0.01953125 0.0234375 0.0390625
2 0.49296875 0.02578125 0.02890625 0.0515625
2 0.528125 0.01640625 0.028125 0.0328125
2 0.73671875 0.15546875 0.04375 0.15
2 0.35390625 0.115625 0.040625 0.1390625
2 0.93046875 0.02421875 0.0296875 0.04765625
1 0.5328125 0.71875 0.01875 0.028125
1 0.28046875 0.21484375 0.0109375 0.0140625
1 0.384375 0.6015625 0.01640625 0.028125
2 0.34140625 0.19296875 0.04921875 0.15234375