0 0.96875 0.06484375 0.0625 0.1296875
2 0.76015625 0.17890625 0.0515625 0.184375
2 0.0296875 0.66484375 0.059375 0.278125
2 0.928125 0.21796875 0.0484375 0.19375
2 0.725 0.30390625 0.05625 0.209375
2 0.26875 0.24296875 0.046875 0.16875
2 0.44453125 0.10625 0.040625 0.159375
2 0.8359375 0.053125 0.0421875 0.10625
2 0.90390625 0.0453125 0.0390625 0.090625
1 0.4453125 0.0453125 0.009375 0.0125
1 0.0203125 0.56015625 0.015625 0.0203125
1 0.92578125 0.1453125 0.0109375 0.01796875
1 0.2703125 0.18046875 0.0109375 0.015625
1 0.7234375 0.228125 0.01328125 0.01953125
1 0.759375 0.11328125 0.01171875 0.01875