0 0.9546875 0.0828125 0.090625 0.165625
2 0.33515625 0.66328125 0.078125 0.28125
2 0.45390625 0.2703125 0.0515625 0.203125
2 0.65390625 0.1 0.034375 0.1703125
2 0.54375 0.2671875 0.04921875 0.190625
2 0.396875 0.18125 0.04453125 0.1640625
2 0.59921875 0.03515625 0.025 0.0703125
2 0.54453125 0.12421875 0.03984375 0.1328125
2 0.5609375 0.18515625 0.04453125 0.16015625
0 0.9828125 0.4421875 0.034375 0.2578125
2 0.6453125 0.00625 0.015625 0.0125
0 0.75859375 0.02265625 0.0828125 0.0453125
1 0.54453125 0.0796875 0.01171875 0.01484375
1 0.54453125 0.19453125 0.0140625 0.01953125
1 0.45 0.1921875 0.0125 0.02109375
0 0.2984375 0.16484375 0.13125 0.21875