0 0.3453125 0.6109375 0.203125 0.29921875
2 0.6328125 0.32578125 0.05625 0.21484375
2 0.315625 0.896875 0.08515625 0.20625
2 0.29609375 0.3796875 0.0640625 0.2109375
2 0.446875 0.37578125 0.0515625 0.22109375
2 0.66328125 0.1859375 0.04765625 0.1734375
2 0.59453125 0.1375 0.04375 0.159375
2 0.5078125 0.1859375 0.046875 0.18125
2 0.559375 0.33828125 0.0484375 0.21171875
2 0.75546875 0.06015625 0.03984375 0.1203125
0 0.453125 0.02578125 0.090625 0.0515625
2 0.67578125 0.09609375 0.0375 0.1421875
2 0.60859375 0.046875 0.0328125 0.09375
2 0.53359375 0.25 0.05 0.1875
0 0.2984375 0.16640625 0.1296875 0.2203125
2 0.70859375 0.04140625 0.0390625 0.0828125
2 0.55625 0.01171875 0.028125 0.0234375
2 0.671875 0.01484375 0.025 0.0296875
1 0.50625 0.12421875 0.01171875 0.01640625
1 0.44609375 0.29296875 0.0109375 0.0171875
1 0.56015625 0.2578125 0.0109375 0.0125