2 0.7171875 0.23984375 0.0734375 0.225
2 0.59140625 0.23671875 0.05546875 0.18984375
2 0.64765625 0.18671875 0.05078125 0.196875
2 0.83359375 0.140625 0.05390625 0.18203125
2 0.4734375 0.178125 0.059375 0.1953125
2 0.690625 0.13125 0.04921875 0.1828125
2 0.52734375 0.140625 0.0515625 0.17109375
2 0.94296875 0.02734375 0.0421875 0.0546875
2 0.99140625 0.12890625 0.0171875 0.1421875
1 0.72578125 0.15234375 0.01484375 0.01953125
1 0.4828125 0.10234375 0.0140625 0.01796875
2 0.59296875 0.1390625 0.06484375 0.1296875
1 0.59453125 0.16171875 0.01328125 0.0203125
0 0.5671875 0.8328125 0.79765625 0.334375