2 0.59296875 0.61875 0.06484375 0.25390625
2 0.19453125 0.378125 0.046875 0.18125
2 0.6765625 0.46015625 0.0546875 0.21796875
2 0.228125 0.20390625 0.0421875 0.15390625
2 0.17109375 0.18515625 0.034375 0.13515625
2 0.62734375 0.13984375 0.0390625 0.1453125
2 0.65859375 0.0734375 0.028125 0.1078125
2 0.971875 0.14296875 0.0359375 0.1421875
2 0.57578125 0.10078125 0.034375 0.1125
2 0.52890625 0.04609375 0.0234375 0.084375
2 0.5953125 0.04140625 0.0234375 0.0828125
2 0.95390625 0.0484375 0.02421875 0.096875
2 0.5609375 0.02109375 0.0203125 0.040625
0 0.76484375 0.01171875 0.0515625 0.0234375
1 0.1921875 0.3109375 0.01171875 0.02109375
1 0.67421875 0.37578125 0.01484375 0.02109375
2 0.84375 0.03125 0.02265625 0.06171875
2 0.87109375 0.02265625 0.021875 0.0453125
2 0.9828125 0.034375 0.025 0.06875
1 0.5890625 0.51796875 0.01328125 0.02109375