2 0.921875 0.884375 0.1 0.23125
2 0.63984375 0.88359375 0.0984375 0.2328125
2 0.72890625 0.51171875 0.0671875 0.234375
2 0.58046875 0.47421875 0.059375 0.215625
2 0.521875 0.32578125 0.046875 0.1734375
2 0.5640625 0.18203125 0.0375 0.1328125
2 0.246875 0.0921875 0.0265625 0.0953125
2 0.50234375 0.0703125 0.01875 0.078125
0 0.57734375 0.0140625 0.046875 0.028125
0 0.71640625 0.0234375 0.053125 0.046875
2 0.55859375 0.07578125 0.0234375 0.08125
2 0.96796875 0.1234375 0.034375 0.0796875
2 0.96875 0.10546875 0.034375 0.1171875
1 0.915625 0.81015625 0.01875 0.0234375
1 0.51953125 0.26015625 0.0109375 0.0171875
1 0.57890625 0.39140625 0.0109375 0.0140625
1 0.634375 0.8078125 0.01875 0.03203125
1 0.72421875 0.42421875 0.01328125 0.0140625
1 0.56328125 0.13359375 0.00859375 0.01328125