2 0.6015625 0.75859375 0.0828125 0.271875
2 0.709375 0.5671875 0.0765625 0.246875
2 0.09140625 0.49765625 0.078125 0.1953125
2 0.61953125 0.4640625 0.06875 0.2265625
0 0.6265625 0.04375 0.0515625 0.084375
2 0.88828125 0.840625 0.0984375 0.31875
2 0.55 0.209375 0.0375 0.1234375
2 0.253125 0.0484375 0.0265625 0.090625
2 0.58203125 0.1484375 0.03125 0.1203125
0 0.59453125 0.02578125 0.0390625 0.0515625
2 0.54296875 0.09609375 0.028125 0.0984375
2 0.296875 0.0609375 0.028125 0.1046875
2 0.51953125 0.02734375 0.01875 0.0546875
2 0.97265625 0.0765625 0.0296875 0.109375
2 0.13203125 0.1609375 0.034375 0.115625
2 0.5515625 0.0234375 0.01875 0.046875
2 0.99140625 0.14765625 0.0171875 0.1125
2 0.16171875 0.15625 0.03125 0.1140625
2 0.59140625 0.096875 0.025 0.078125
2 0.55703125 0.14375 0.0234375 0.1109375
2 0.5765625 0.07109375 0.025 0.0703125
2 0.521875 0.01015625 0.021875 0.0203125
1 0.61875 0.37890625 0.0125 0.0140625
1 0.70546875 0.471875 0.0140625 0.01875
1 0.8796875 0.7234375 0.01875 0.025
1 0.596875 0.6515625 0.015625 0.01875
1 0.0828125 0.4203125 0.0125 0.0125
2 0.9296875 0.1359375 0.028125 0.11796875
2 0.9109375 0.115625 0.01953125 0.10625