2 0.359375 0.8453125 0.0953125 0.30625
2 0.59765625 0.56328125 0.075 0.259375
2 0.8890625 0.16875 0.046875 0.18125
2 0.59765625 0.37734375 0.0625 0.2
2 0.759375 0.16796875 0.0421875 0.1765625
2 0.315625 0.2046875 0.0453125 0.1625
2 0.46953125 0.08046875 0.0375 0.140625
2 0.9109375 0.0078125 0.0296875 0.015625
1 0.36484375 0.7203125 0.0171875 0.021875
1 0.5953125 0.453125 0.015625 0.01875
1 0.88984375 0.096875 0.0109375 0.0125
1 0.3171875 0.14296875 0.009375 0.0109375
1 0.76015625 0.10390625 0.01015625 0.01796875