2 0.6203125 0.4046875 0.0609375 0.24375
2 0.48515625 0.31328125 0.0546875 0.1953125
2 0.2390625 0.884375 0.08125 0.23125
2 0.43203125 0.21015625 0.0515625 0.1796875
2 0.43984375 0.51484375 0.0625 0.2484375
2 0.67421875 0.55546875 0.0703125 0.290625
2 0.678125 0.2296875 0.05625 0.20625
2 0.32890625 0.3625 0.0625 0.2171875
0 0.3 0.16484375 0.1328125 0.228125
2 0.540625 0.08125 0.046875 0.1453125
2 0.65625 0.0421875 0.04375 0.084375
0 0.45390625 0.025 0.0921875 0.05
2 0.5203125 0.01171875 0.0296875 0.0234375
1 0.43125 0.14453125 0.0125 0.01796875
1 0.6734375 0.44453125 0.0171875 0.0265625
1 0.6796875 0.1640625 0.0125 0.02109375
1 0.484375 0.24375 0.01171875 0.02265625
1 0.328125 0.28359375 0.0125 0.0234375