0 0.09765625 0.69375 0.1953125 0.315625
0 0.859375 0.4203125 0.1703125 0.321875
0 0.95234375 0.10859375 0.0953125 0.196875
2 0.584375 0.45 0.0671875 0.234375
2 0.59375 0.61640625 0.0734375 0.265625
2 0.3515625 0.28828125 0.05625 0.203125
2 0.7734375 0.20546875 0.0515625 0.1859375
2 0.39453125 0.13046875 0.046875 0.1578125
2 0.87890625 0.04609375 0.0453125 0.0921875
2 0.534375 0.05234375 0.034375 0.1046875
1 0.58359375 0.36640625 0.0140625 0.0171875
1 0.35546875 0.2109375 0.0109375 0.0125
1 0.59375 0.51328125 0.01484375 0.021875
1 0.7734375 0.13671875 0.009375 0.015625
2 0.76328125 0.1125 0.03359375 0.15234375