2 0.78671875 0.27734375 0.07734375 0.19296875
2 0.890625 0.3046875 0.0765625 0.20625
2 0.665625 0.75 0.08515625 0.26796875
2 0.9796875 0.22421875 0.040625 0.17109375
2 0.41875 0.696875 0.11171875 0.27421875
2 0.609375 0.2234375 0.065625 0.19453125
2 0.903125 0.1890625 0.06953125 0.15703125
2 0.82109375 0.18046875 0.0609375 0.17890625
2 0.728125 0.2484375 0.05859375 0.21328125
2 0.88671875 0.1265625 0.0484375 0.1828125
2 0.4859375 0.17890625 0.06171875 0.1828125
2 0.528125 0.20078125 0.06875 0.18125
2 0.42734375 0.56328125 0.10546875 0.2234375
2 0.66015625 0.1234375 0.0625 0.121875
0 0.96953125 0.128125 0.0609375 0.1640625
2 0.9765625 0.034375 0.04375 0.06875
2 0.66640625 0.23359375 0.06640625 0.190625
2 0.71015625 0.1484375 0.0390625 0.1234375
1 0.61484375 0.15 0.01171875 0.0171875
1 0.73828125 0.16640625 0.0125 0.01875
2 0.584375 0.19375 0.05 0.20390625
1 0.59765625 0.1109375 0.01171875 0.02109375
1 0.75859375 0.12890625 0.0125 0.01953125