0 0.3140625 0.11875 0.096875 0.1609375
0 0.73515625 0.29765625 0.134375 0.2421875
0 0.9296875 0.65703125 0.140625 0.353125
2 0.54765625 0.26796875 0.0421875 0.1640625
2 0.56875 0.109375 0.03125 0.1140625
2 0.16875 0.37109375 0.053125 0.1859375
2 0.58984375 0.7546875 0.0859375 0.2546875
2 0.20859375 0.11171875 0.0359375 0.125
2 0.80234375 0.21328125 0.0453125 0.1671875
2 0.19921875 0.31796875 0.0484375 0.1796875
2 0.5453125 0.059375 0.0265625 0.090625
2 0.63828125 0.01640625 0.01875 0.0328125
2 0.75234375 0.9703125 0.103125 0.059375
2 0.5375 0.02734375 0.025 0.0546875
2 0.58125 0.0296875 0.0234375 0.059375
2 0.790625 0.00625 0.01875 0.0125
1 0.58359375 0.65859375 0.0171875 0.0234375
1 0.75390625 0.98046875 0.0203125 0.0265625
1 0.5453125 0.20390625 0.009375 0.0140625
1 0.16796875 0.2984375 0.0109375 0.0125
1 0.19921875 0.25234375 0.009375 0.01640625
1 0.20625 0.0671875 0.0078125 0.0125
1 0.56796875 0.0640625 0.00546875 0.009375
1 0.8 0.1546875 0.01171875 0.01328125