2 0.471875 0.14375 0.07734375 0.19375
0 0.96484375 0.2328125 0.0703125 0.2015625
2 0.4015625 0.41328125 0.06875 0.2296875
2 0.66640625 0.40234375 0.0578125 0.2421875
2 0.26484375 0.771875 0.0921875 0.3390625
2 0.55078125 0.34453125 0.0609375 0.2234375
2 0.5734375 0.2078125 0.0515625 0.190625
2 0.59453125 0.81796875 0.0859375 0.334375
2 0.09921875 0.55546875 0.0671875 0.2609375
2 0.34375 0.2234375 0.06875 0.1796875
0 0.45546875 0.0265625 0.090625 0.053125
0 0.946875 0.01640625 0.084375 0.0328125
0 0.29921875 0.1640625 0.12734375 0.21484375
2 0.93515625 0.071875 0.0453125 0.0625
1 0.5703125 0.13515625 0.0125 0.0171875
1 0.6640625 0.3125 0.015625 0.0234375
1 0.4015625 0.328125 0.015625 0.0265625
1 0.26171875 0.65625 0.0171875 0.0328125
1 0.54765625 0.259375 0.01484375 0.02890625