0 0.95625 0.06171875 0.0875 0.1234375
2 0.4125 0.22109375 0.0515625 0.1796875
2 0.37734375 0.83203125 0.0828125 0.328125
0 0.40078125 0.07421875 0.10625 0.1484375
2 0.653125 0.4140625 0.071875 0.24375
2 0.53203125 0.46484375 0.06875 0.2421875
2 0.553125 0.22734375 0.0484375 0.18125
0 0.73046875 0.13984375 0.11875 0.17890625
2 0.14375 0.78515625 0.0828125 0.2875
0 0.3015625 0.16640625 0.13125 0.228125
2 0.56328125 0.13359375 0.0484375 0.1484375
2 0.51875 0.06953125 0.0359375 0.1375
2 0.60390625 0.05 0.03359375 0.1
2 0.40078125 0.48125 0.075 0.25625
2 0.57109375 0.02578125 0.0375 0.0515625
2 0.39140625 0.375 0.059375 0.18046875
0 0.46953125 0.0203125 0.0671875 0.040625
1 0.39140625 0.31640625 0.0171875 0.0234375
1 0.55234375 0.1515625 0.01328125 0.0203125
1 0.14453125 0.67890625 0.0203125 0.03671875
1 0.53046875 0.37421875 0.0171875 0.025
1 0.6515625 0.32421875 0.01484375 0.025
1 0.378125 0.71015625 0.0234375 0.03984375
0 0.74140625 0.046875 0.103125 0.09296875
1 0.4109375 0.38125 0.01640625 0.02421875
1 0.5625 0.078125 0.0125 0.02109375
0 0.7875 0.01953125 0.0328125 0.0390625