2 0.2953125 0.8796875 0.096875 0.240625
2 0.83203125 0.33984375 0.0640625 0.234375
2 0.18125 0.4921875 0.071875 0.240625
2 0.94140625 0.2234375 0.0546875 0.2046875
2 0.7125 0.16796875 0.046875 0.16875
2 0.6015625 0.4640625 0.071875 0.2421875
2 0.73671875 0.39609375 0.071875 0.246875
2 0.79921875 0.090625 0.0453125 0.1609375
2 0.3875 0.125 0.0390625 0.1453125
2 0.62421875 0.32421875 0.0609375 0.2015625
2 0.8875 0.06328125 0.0421875 0.125
2 0.84765625 0.046875 0.040625 0.09375
2 0.96484375 0.01015625 0.034375 0.0203125
1 0.18203125 0.4 0.0140625 0.01875
1 0.6015625 0.3734375 0.0125 0.015625
1 0.83046875 0.25078125 0.0140625 0.0171875
1 0.73359375 0.31171875 0.0125 0.02109375
1 0.94296875 0.1453125 0.01171875 0.01953125
1 0.7109375 0.10390625 0.01015625 0.01640625