0 0.28125 0.35703125 0.22890625 0.4453125
0 0.9625 0.08671875 0.075 0.159375
2 0.85390625 0.22265625 0.04453125 0.18828125
2 0.634375 0.9015625 0.096875 0.196875
2 0.6 0.67265625 0.08828125 0.34140625
2 0.70390625 0.31328125 0.05546875 0.2109375
2 0.75859375 0.23359375 0.04296875 0.18984375
2 0.78515625 0.1625 0.05078125 0.1671875
2 0.67578125 0.26875 0.04296875 0.19453125
2 0.8875 0.05078125 0.03046875 0.1015625
1 0.6796875 0.1953125 0.0140625 0.01796875
1 0.759375 0.159375 0.0109375 0.015625
1 0.78359375 0.09765625 0.01015625 0.01328125
2 0.921875 0.0328125 0.028125 0.06484375
2 0.85234375 0.04296875 0.03046875 0.0859375
1 0.85234375 0.15 0.01171875 0.01484375
1 0.6296875 0.875 0.0203125 0.0328125
1 0.59453125 0.5640625 0.01640625 0.021875