0 0.66484375 0.47421875 0.1734375 0.29375
2 0.38203125 0.65859375 0.07734375 0.30078125
0 0.40078125 0.07734375 0.10625 0.1546875
2 0.265625 0.84609375 0.08125 0.3078125
2 0.421875 0.428125 0.0703125 0.2453125
2 0.5828125 0.16953125 0.0453125 0.1703125
2 0.4796875 0.2234375 0.053125 0.1796875
2 0.384375 0.2515625 0.0515625 0.1984375
2 0.60078125 0.24765625 0.05 0.184375
2 0.48984375 0.13359375 0.04375 0.13125
2 0.6203125 0.04375 0.040625 0.0875
0 0.2984375 0.16953125 0.1234375 0.228125
2 0.71171875 0.0421875 0.0390625 0.0828125
2 0.64375 0.0171875 0.0328125 0.034375
0 0.47265625 0.021875 0.05625 0.04375
1 0.4203125 0.34140625 0.01328125 0.02265625
1 0.2703125 0.73515625 0.01953125 0.0296875
1 0.59765625 0.1765625 0.01171875 0.01953125
1 0.3828125 0.54296875 0.01640625 0.02734375
1 0.4890625 0.0890625 0.009375 0.0140625
1 0.47734375 0.159375 0.0109375 0.015625