2 0.621875 0.3421875 0.05625 0.21875
2 0.484375 0.28671875 0.05625 0.1953125
2 0.05078125 0.815625 0.084375 0.32265625
0 0.94375 0.0890625 0.1109375 0.178125
2 0.18359375 0.51328125 0.06875 0.246875
2 0.528125 0.88984375 0.1046875 0.2203125
2 0.33671875 0.2640625 0.053125 0.190625
2 0.51875 0.40234375 0.059375 0.2328125
2 0.94921875 0.375 0.0703125 0.2296875
2 0.56796875 0.09375 0.04375 0.1484375
2 0.71015625 0.06015625 0.0421875 0.1203125
2 0.65078125 0.025 0.034375 0.05
2 0.59296875 0.01875 0.03203125 0.0375
2 0.48828125 0.034375 0.02734375 0.06875
2 0.55 0.05390625 0.0375 0.1078125
1 0.5671875 0.0328125 0.009375 0.015625
1 0.61875 0.2625 0.0125 0.02265625
1 0.52109375 0.309375 0.0140625 0.02734375
0 0.2984375 0.16796875 0.134375 0.2265625