2 0.1046875 0.3265625 0.0359375 0.1234375
2 0.359375 0.76484375 0.1640625 0.2703125
0 0.93046875 0.215625 0.1171875 0.17109375
2 0.74765625 0.50234375 0.08125 0.1890625
2 0.10234375 0.22734375 0.03125 0.0984375
1 0.3203125 0.44140625 0.0125 0.0171875
2 0.32109375 0.52421875 0.06171875 0.209375
2 0.71328125 0.1671875 0.028125 0.065625
2 0.77109375 0.70625 0.10546875 0.253125
2 0.78046875 0.55703125 0.09453125 0.19453125
0 0.5109375 0.1078125 0.04765625 0.0453125
0 0.44609375 0.0953125 0.0546875 0.04453125
0 0.36875 0.08515625 0.04140625 0.03828125