0 0.71640625 0.184375 0.11875 0.2046875
2 0.46484375 0.34765625 0.0578125 0.2171875
0 0.9609375 0.14765625 0.078125 0.2
2 0.5984375 0.321875 0.0546875 0.2296875
2 0.584375 0.10078125 0.0453125 0.1609375
2 0.32890625 0.49453125 0.071875 0.2390625
2 0.440625 0.59609375 0.0703125 0.2796875
2 0.453125 0.0828125 0.0390625 0.1453125
2 0.52734375 0.15078125 0.04375 0.1640625
2 0.2921875 0.64453125 0.0734375 0.2859375
2 0.6703125 0.0609375 0.0375 0.121875
2 0.64140625 0.01171875 0.0328125 0.0234375
0 0.45234375 0.02734375 0.09375 0.0546875
2 0.715625 0.0453125 0.0390625 0.0875
1 0.4390625 0.49375 0.015625 0.03046875
1 0.52734375 0.09296875 0.01015625 0.01328125
1 0.4625 0.26953125 0.0140625 0.0203125
1 0.584375 0.03984375 0.01171875 0.01953125
0 0.3015625 0.16875 0.14296875 0.228125