0 0.79921875 0.6890625 0.23125 0.43125
0 0.8859375 0.38125 0.171875 0.2828125
2 0.0859375 0.7359375 0.0796875 0.2984375
2 0.3765625 0.7125 0.0828125 0.2921875
2 0.5859375 0.58515625 0.084375 0.2765625
2 0.13359375 0.4375 0.059375 0.2171875
2 0.396875 0.221875 0.053125 0.18125
0 0.8625 0.22890625 0.146875 0.2125
2 0.8078125 0.06875 0.04375 0.1375
2 0.31640625 0.2203125 0.0484375 0.1734375
2 0.89765625 0.0625 0.040625 0.125
2 0.49609375 0.103125 0.04375 0.1453125
2 0.98671875 0.05078125 0.0265625 0.1015625
2 0.278125 0.21796875 0.0421875 0.165625
2 0.8078125 0.171875 0.0375 0.1171875
2 0.49453125 0.03203125 0.0328125 0.0640625
1 0.8109375 0.13125 0.01328125 0.01328125
1 0.396875 0.15546875 0.0125 0.01640625
1 0.31875 0.15234375 0.0125 0.01875
1 0.27734375 0.1515625 0.0109375 0.01875
1 0.58515625 0.4859375 0.01484375 0.021875
1 0.1296875 0.35859375 0.01171875 0.01953125
1 0.08828125 0.62265625 0.01875 0.02421875