2 0.51484375 0.825 0.0875 0.34375
2 0.76484375 0.60625 0.0796875 0.2921875
2 0.83671875 0.265625 0.05625 0.20625
2 0.63046875 0.38984375 0.075 0.2359375
2 0.75078125 0.2078125 0.053125 0.1875
2 0.2234375 0.259375 0.05 0.1734375
2 0.65703125 0.253125 0.05625 0.1921875
2 0.578125 0.92734375 0.0890625 0.1453125
2 0.85234375 0.1640625 0.046875 0.1546875
2 0.86484375 0.046875 0.0421875 0.0921875
0 0.9828125 0.04296875 0.034375 0.0859375
2 0.9015625 0.01015625 0.028125 0.0203125
1 0.5140625 0.71171875 0.015625 0.02890625
1 0.76484375 0.49375 0.01796875 0.03046875
1 0.85 0.10703125 0.0125 0.021875