2 0.3015625 0.53359375 0.05625 0.209375
2 0.02109375 0.57109375 0.04140625 0.2046875
2 0.1046875 0.20234375 0.04140625 0.1484375
2 0.69921875 0.18359375 0.0421875 0.14375
2 0.07734375 0.42890625 0.0515625 0.19296875
2 0.203125 0.50078125 0.05859375 0.20546875
2 0.55625 0.5046875 0.05703125 0.2046875
2 0.240625 0.2234375 0.04296875 0.1578125
2 0.465625 0.0453125 0.0375 0.090625
2 0.4390625 0.659375 0.0734375 0.2515625
2 0.696875 0.7421875 0.0703125 0.26640625
1 0.2953125 0.4546875 0.01328125 0.02109375
1 0.07421875 0.35703125 0.0140625 0.021875