0 0.20859375 0.434375 0.16015625 0.20546875
0 0.24921875 0.23828125 0.1234375 0.18359375
2 0.51484375 0.49765625 0.05703125 0.20546875
0 0.35859375 0.37890625 0.1890625 0.26484375
0 0.1234375 0.28359375 0.13125 0.21875
2 0.59921875 0.48828125 0.075 0.2171875
2 0.04296875 0.546875 0.0578125 0.203125
2 0.31328125 0.60703125 0.05234375 0.2140625
2 0.14921875 0.5484375 0.05546875 0.20546875
2 0.084375 0.50390625 0.05234375 0.20078125
2 0.92109375 0.35 0.0375 0.1796875
2 0.04765625 0.40546875 0.053125 0.14453125
2 0.00546875 0.4015625 0.0109375 0.1375
1 0.30859375 0.51796875 0.01328125 0.01953125
2 0.56015625 0.42421875 0.046875 0.190625
2 0.50078125 0.3625 0.05625 0.153125
1 0.5125 0.41953125 0.01328125 0.01953125
2 0.45859375 0.3328125 0.0421875 0.18203125
1 0.13515625 0.465625 0.01171875 0.01953125
1 0.040625 0.4671875 0.01484375 0.02109375