0 0.778125 0.7375 0.22890625 0.45703125
2 0.48671875 0.64296875 0.0875 0.29140625
2 0.7609375 0.17734375 0.0453125 0.17421875
2 0.45546875 0.090625 0.03828125 0.1421875
2 0.23125 0.43203125 0.0546875 0.2046875
2 0.57734375 0.378125 0.06484375 0.2234375
2 0.21171875 0.33515625 0.0671875 0.19296875
2 0.29609375 0.21015625 0.04140625 0.15625
2 0.8765625 0.02578125 0.0265625 0.0515625
1 0.22734375 0.353125 0.0140625 0.01796875
1 0.48671875 0.53984375 0.01796875 0.03046875
2 0.834375 0.0359375 0.02890625 0.07109375
2 0.925 0.040625 0.03125 0.08125