0 0.30703125 0.0453125 0.0828125 0.090625
0 0.64921875 0.07734375 0.071875 0.103125
2 0.6859375 0.8578125 0.09375 0.284375
2 0.075 0.74765625 0.0734375 0.284375
2 0.19609375 0.525 0.0640625 0.2234375
2 0.6 0.61875 0.078125 0.2765625
2 0.565625 0.1078125 0.0296875 0.0984375
2 0.175 0.7390625 0.078125 0.284375
2 0.5390625 0.2359375 0.04375 0.146875
2 0.9359375 0.1453125 0.0375 0.1203125
2 0.53125 0.1078125 0.0265625 0.09375
0 0.96484375 0.7421875 0.0703125 0.465625
2 0.5203125 0.04375 0.0203125 0.06875
2 0.1640625 0.153125 0.03125 0.115625
2 0.0125 0.3828125 0.025 0.1796875
2 0.50234375 0.02421875 0.01875 0.0484375
1 0.67890625 0.7546875 0.0171875 0.021875
1 0.59453125 0.51953125 0.015625 0.02421875
1 0.5375 0.18203125 0.0078125 0.0109375
1 0.16640625 0.640625 0.0125 0.021875
1 0.19375 0.4453125 0.015625 0.0203125
2 0.1328125 0.16328125 0.0296875 0.1109375
0 0.34765625 0.87265625 0.25234375 0.2546875
0 0.76015625 0.0453125 0.059375 0.0765625