0 0.87265625 0.4484375 0.1703125 0.3125
0 0.9234375 0.165625 0.12890625 0.2
2 0.54921875 0.72734375 0.078125 0.3140625
2 0.103125 0.815625 0.0828125 0.2078125
2 0.18984375 0.40859375 0.0625 0.2171875
2 0.41328125 0.6875 0.08203125 0.3109375
0 0.6890625 0.91015625 0.240625 0.1796875
2 0.32421875 0.87890625 0.1078125 0.2421875
2 0.7109375 0.18359375 0.04921875 0.1796875
2 0.42421875 0.1578125 0.040625 0.16328125
2 0.24296875 0.53125 0.0703125 0.25625
2 0.33046875 0.315625 0.053125 0.190625
2 0.46953125 0.071875 0.0421875 0.1375
2 0.58359375 0.4859375 0.0671875 0.240625
2 0.35 0.1953125 0.0453125 0.1625
2 0.51328125 0.15546875 0.04375 0.1609375
2 0.8 0.09921875 0.0390625 0.1640625
2 0.55625 0.425 0.0578125 0.2265625
2 0.83046875 0.046875 0.03828125 0.09375
2 0.903125 0.034375 0.025 0.06796875
2 0.0078125 0.6375 0.015625 0.225
1 0.5578125 0.33515625 0.0125 0.02109375
1 0.3234375 0.81640625 0.01953125 0.02890625
1 0.103125 0.7515625 0.01875 0.03046875
1 0.5484375 0.6078125 0.01875 0.02890625
1 0.58125 0.3953125 0.015625 0.02578125
1 0.33125 0.2421875 0.009375 0.015625
2 0.4078125 0.128125 0.03046875 0.1375
2 0.51015625 0.0796875 0.03828125 0.10546875
2 0.496875 0.0359375 0.03046875 0.071875
1 0.40703125 0.59140625 0.015625 0.02578125