0 0.86796875 0.42734375 0.15234375 0.25859375
2 0.3078125 0.87578125 0.09375 0.2484375
2 0.68984375 0.37109375 0.0546875 0.22265625
2 0.83046875 0.0625 0.0359375 0.125
2 0.284375 0.22578125 0.03515625 0.1578125
2 0.72734375 0.2453125 0.04453125 0.19453125
2 0.91484375 0.02109375 0.0296875 0.0421875
1 0.2859375 0.16484375 0.009375 0.0140625
2 0.5265625 0.0609375 0.03359375 0.12109375
2 0.70390625 0.1890625 0.0328125 0.17578125
1 0.72734375 0.16953125 0.01015625 0.01875
1 0.7046875 0.1203125 0.0109375 0.0171875
1 0.6875 0.284375 0.0140625 0.0234375