2 0.44140625 0.16953125 0.046875 0.1734375
2 0.21328125 0.45625 0.0640625 0.2234375
2 0.428125 0.596875 0.0640625 0.2765625
2 0.56796875 0.265625 0.04765625 0.1984375
2 0.70859375 0.41328125 0.0640625 0.25703125
2 0.69609375 0.16953125 0.04375 0.17890625
2 0.64296875 0.29921875 0.05546875 0.2046875
2 0.378125 0.28671875 0.04765625 0.1953125
0 0.30078125 0.1671875 0.1296875 0.22109375
2 0.475 0.43125 0.0640625 0.246875
2 0.49375 0.10625 0.04453125 0.14453125
2 0.48203125 0.2625 0.0484375 0.1796875
2 0.60390625 0.08671875 0.04375 0.16328125
2 0.54140625 0.0796875 0.040625 0.146875
0 0.45390625 0.021875 0.090625 0.04375
2 0.6078125 0.01015625 0.02265625 0.0203125
1 0.47734375 0.33984375 0.0140625 0.0171875
1 0.48046875 0.1953125 0.01171875 0.01953125
1 0.72265625 0.31171875 0.0140625 0.02734375
1 0.44140625 0.10625 0.009375 0.015625
1 0.70703125 0.33125 0.015625 0.0203125