0 0.39921875 0.3734375 0.1609375 0.2171875
2 0.7859375 0.18984375 0.046875 0.1421875
2 0.44765625 0.509375 0.06015625 0.1984375
2 0.31640625 0.52421875 0.0625 0.21640625
2 0.10234375 0.52421875 0.0609375 0.21875
2 0.09921875 0.14296875 0.0390625 0.1546875
2 0.54453125 0.484375 0.07109375 0.2140625
2 0.2765625 0.3828125 0.0484375 0.1859375
2 0.22578125 0.5234375 0.0578125 0.20390625
2 0.56953125 0.06484375 0.0328125 0.1265625
2 0.159375 0.47734375 0.05859375 0.21328125
2 0.0703125 0.0265625 0.0265625 0.053125
2 0.1 0.04140625 0.03203125 0.0828125
2 0.1796875 0.40078125 0.05 0.1453125
1 0.1734375 0.3484375 0.0125 0.01875