2 0.825 0.91796875 0.08671875 0.16328125
2 0.5609375 0.5265625 0.0640625 0.22890625
2 0.69609375 0.53359375 0.059375 0.234375
2 0.6234375 0.2265625 0.0390625 0.146875
0 0.5953125 0.034375 0.05 0.06875
2 0.509375 0.2140625 0.040625 0.1421875
2 0.91015625 0.06796875 0.028125 0.09609375
2 0.58359375 0.16484375 0.034375 0.1234375
2 0.96015625 0.11328125 0.03046875 0.12421875
0 0.70546875 0.025 0.05 0.05
2 0.6046875 0.08046875 0.0234375 0.0875
2 0.5078125 0.0765625 0.021875 0.084375
2 0.55859375 0.07421875 0.021875 0.0734375
1 0.559375 0.43828125 0.01171875 0.0203125
1 0.58203125 0.1203125 0.0078125 0.009375
1 0.69453125 0.44453125 0.0140625 0.01875
2 0.8359375 0.03671875 0.0234375 0.07265625
2 0.77734375 0.02890625 0.0203125 0.05703125