2 0.37109375 0.75 0.09375 0.3171875
2 0.534375 0.5015625 0.0734375 0.275
2 0.7078125 0.2421875 0.0515625 0.2
2 0.13359375 0.51796875 0.075 0.25625
2 0.3265625 0.27265625 0.0515625 0.1875
2 0.82578125 0.18671875 0.053125 0.1859375
2 0.07421875 0.42734375 0.065625 0.23125
2 0.7546875 0.15859375 0.0484375 0.178125
2 0.77265625 0.07265625 0.040625 0.1390625
2 0.9859375 0.059375 0.028125 0.11875
2 0.490625 0.046875 0.03125 0.09375
2 0.8953125 0.13984375 0.04375 0.1265625
2 0.8984375 0.01640625 0.0359375 0.0328125
2 0.94375 0.01953125 0.034375 0.0390625
2 0.87109375 0.04375 0.0359375 0.0875
1 0.084375 0.3328125 0.0125 0.015625
1 0.36953125 0.63046875 0.0171875 0.0265625
1 0.13671875 0.421875 0.0140625 0.02734375
1 0.32890625 0.20078125 0.0109375 0.0140625
1 0.753125 0.09453125 0.009375 0.0109375
1 0.534375 0.39375 0.01484375 0.0171875
1 0.82421875 0.12109375 0.0109375 0.0171875
1 0.071875 0.34609375 0.0125 0.01640625