2 0.590625 0.82734375 0.09375 0.3421875
2 0.44140625 0.8296875 0.0890625 0.33125
2 0.73671875 0.30390625 0.0578125 0.2125
2 0.8640625 0.1796875 0.0546875 0.1875
2 0.65078125 0.31328125 0.0640625 0.2234375
2 0.2203125 0.378125 0.05625 0.1984375
2 0.35078125 0.13671875 0.04375 0.15
2 0.8328125 0.07265625 0.0421875 0.1453125
2 0.90234375 0.040625 0.0421875 0.08125
2 0.2484375 0.97734375 0.05 0.0453125
0 0.98828125 0.02578125 0.0234375 0.0515625
1 0.646875 0.22890625 0.0125 0.0171875
1 0.59140625 0.69765625 0.0203125 0.0265625
1 0.2171875 0.30078125 0.0125 0.0171875
1 0.734375 0.228125 0.01328125 0.01796875
1 0.35078125 0.0828125 0.00859375 0.01171875
1 0.85859375 0.11484375 0.009375 0.01484375
1 0.8328125 0.01796875 0.009375 0.0140625