2 0.4234375 0.7328125 0.0984375 0.33125
2 0.74609375 0.25546875 0.053125 0.209375
2 0.8140625 0.2546875 0.0515625 0.2171875
2 0.63515625 0.4359375 0.065625 0.2546875
2 0.98046875 0.04765625 0.0375 0.0953125
2 0.8859375 0.059375 0.040625 0.11875
2 0.20390625 0.92265625 0.1 0.1546875
2 0.95625 0.00859375 0.0296875 0.0171875
2 0.8578125 0.05390625 0.0359375 0.1078125
1 0.815625 0.16953125 0.0125 0.0171875
1 0.63359375 0.3359375 0.0140625 0.01875
1 0.41953125 0.628125 0.0171875 0.025
1 0.746875 0.17421875 0.0125 0.0140625