0 0.96015625 0.09296875 0.0796875 0.1859375
2 0.39375 0.7859375 0.0890625 0.325
2 0.565625 0.50625 0.0703125 0.2515625
2 0.7484375 0.5359375 0.06875 0.2578125
2 0.503125 0.79765625 0.08125 0.334375
2 0.73671875 0.3140625 0.0625 0.2
2 0.8453125 0.290625 0.0640625 0.2125
2 0.459375 0.03984375 0.0390625 0.0796875
2 0.59296875 0.33125 0.059375 0.2046875
2 0.73984375 0.203125 0.05 0.140625
2 0.82109375 0.22578125 0.05625 0.19375
1 0.50625 0.6609375 0.01875 0.021875
1 0.39140625 0.65625 0.0203125 0.025
1 0.81953125 0.1546875 0.0109375 0.0125
1 0.8421875 0.2015625 0.0125 0.015625
1 0.7515625 0.43671875 0.015625 0.0203125
1 0.84453125 0.23828125 0.0109375 0.0234375
1 0.5671875 0.40703125 0.015625 0.01875
1 0.58046875 0.3984375 0.0125 0.021875
1 0.73828125 0.15546875 0.01015625 0.0171875