0 0.4015625 0.0765625 0.10625 0.153125
2 0.55625 0.44140625 0.0671875 0.23125
2 0.96953125 0.08125 0.05 0.1609375
2 0.5765625 0.253125 0.0546875 0.1953125
2 0.325 0.4484375 0.0640625 0.2453125
0 0.66328125 0.0203125 0.08984375 0.040625
2 0.5453125 0.13671875 0.0453125 0.16875
0 0.475 0.021875 0.053125 0.04375
2 0.58984375 0.00859375 0.0375 0.0171875
0 0.29921875 0.16953125 0.1296875 0.2328125
2 0.11484375 0.91171875 0.1234375 0.1765625
1 0.321875 0.35625 0.015625 0.0265625
1 0.54296875 0.071875 0.01171875 0.01953125
2 0.25625 0.390625 0.06953125 0.2015625
1 0.55546875 0.35234375 0.01875 0.02890625