2 0.54765625 0.61875 0.075 0.2671875
2 0.5921875 0.43984375 0.06875 0.24375
2 0.7515625 0.50703125 0.071875 0.275
2 0.7390625 0.303125 0.053125 0.20625
2 0.9109375 0.16015625 0.0515625 0.1703125
2 0.04140625 0.8265625 0.0828125 0.196875
2 0.70625 0.1984375 0.046875 0.178125
2 0.790625 0.17890625 0.05 0.175
2 0.6296875 0.33828125 0.0578125 0.209375
2 0.965625 0.05859375 0.0421875 0.1171875
2 0.8296875 0.05546875 0.0375 0.1109375
2 0.90390625 0.0546875 0.040625 0.109375
1 0.7546875 0.39609375 0.015625 0.0203125
1 0.02578125 0.76796875 0.0203125 0.0296875
1 0.04453125 0.7578125 0.0171875 0.021875
1 0.78671875 0.1125 0.0109375 0.0125
1 0.59375 0.34375 0.015625 0.021875
1 0.55078125 0.515625 0.0171875 0.021875
1 0.628125 0.2609375 0.01171875 0.01875
1 0.61796875 0.25859375 0.00859375 0.015625
1 0.70390625 0.1375 0.009375 0.0140625
1 0.7359375 0.2265625 0.0125 0.0171875
1 0.90390625 0.02421875 0.00859375 0.01171875