2 0.3796875 0.70546875 0.0921875 0.3078125
2 0.1125 0.55859375 0.071875 0.259375
2 0.19765625 0.3609375 0.05625 0.209375
2 0.64765625 0.63203125 0.0765625 0.29375
2 0.43359375 0.1359375 0.040625 0.1609375
2 0.70625 0.21796875 0.046875 0.1875
2 0.83125 0.1421875 0.046875 0.165625
2 0.35390625 0.14296875 0.0421875 0.153125
2 0.77734375 0.1234375 0.04375 0.1671875
0 0.9796875 0.034375 0.040625 0.06875
2 0.90859375 0.0234375 0.0375 0.046875
2 0.4953125 0.075 0.0390625 0.15
2 0.84921875 0.046875 0.0359375 0.09375
1 0.3796875 0.58828125 0.01875 0.0265625
1 0.19609375 0.284375 0.0109375 0.0125
1 0.646875 0.5203125 0.015625 0.025
1 0.11328125 0.45859375 0.0171875 0.02421875