0 0.70859375 0.78203125 0.2625 0.434375
0 0.8453125 0.35859375 0.159375 0.2578125
0 0.8359375 0.20234375 0.1515625 0.2078125
2 0.1375 0.44609375 0.065625 0.2171875
2 0.365625 0.83671875 0.09375 0.325
2 0.24921875 0.3234375 0.065625 0.21875
2 0.4578125 0.19296875 0.053125 0.178125
2 0.19453125 0.23828125 0.04375 0.18125
0 0.971875 0.0609375 0.05625 0.121875
1 0.36015625 0.7265625 0.0203125 0.028125
1 0.13359375 0.36484375 0.01328125 0.0171875
1 0.24375 0.25546875 0.01171875 0.0171875
1 0.45703125 0.13125 0.01015625 0.01484375