2 0.55390625 0.8640625 0.08125 0.271875
2 0.61484375 0.38515625 0.0546875 0.2125
2 0.80078125 0.87890625 0.0875 0.2421875
0 0.965625 0.234375 0.06875 0.18125
2 0.534375 0.271875 0.04375 0.1546875
2 0.1125 0.871875 0.078125 0.121875
2 0.72421875 0.6359375 0.065625 0.2671875
2 0.2109375 0.16953125 0.0375 0.1265625
2 0.63046875 0.2421875 0.0421875 0.1546875
2 0.58203125 0.19140625 0.0390625 0.1421875
2 0.8953125 0.0859375 0.0328125 0.103125
2 0.85390625 0.0671875 0.0265625 0.0984375
2 0.70703125 0.015625 0.01875 0.03125
2 0.51640625 0.10859375 0.0265625 0.096875
2 0.54609375 0.115625 0.025 0.096875
2 0.625 0.11953125 0.0296875 0.10625
2 0.61640625 0.06875 0.0234375 0.0765625
2 0.54921875 0.0234375 0.0171875 0.046875
2 0.56328125 0.0953125 0.0234375 0.0921875
2 0.49453125 0.04609375 0.01875 0.071875
2 0.51484375 0.06171875 0.0203125 0.0625
2 0.9328125 0.05546875 0.0265625 0.09375
2 0.9859375 0.09453125 0.028125 0.1078125
1 0.79609375 0.79765625 0.0203125 0.0265625
1 0.1046875 0.85546875 0.01875 0.0203125
1 0.53203125 0.2140625 0.0109375 0.0125
1 0.5484375 0.77734375 0.01875 0.0328125
1 0.71953125 0.53671875 0.0140625 0.02109375
1 0.61171875 0.30625 0.01328125 0.01796875
1 0.20859375 0.1203125 0.0078125 0.0125
2 0.78984375 0.01953125 0.01796875 0.0390625