2 0.61328125 0.84453125 0.08125 0.3109375
2 0.3703125 0.5921875 0.0703125 0.2625
2 0.29765625 0.8578125 0.08359375 0.284375
2 0.1859375 0.48046875 0.06015625 0.2421875
2 0.4390625 0.203125 0.046875 0.1671875
2 0.62578125 0.32734375 0.0515625 0.209375
2 0.9078125 0.1078125 0.04921875 0.1609375
2 0.47109375 0.29296875 0.0546875 0.2078125
2 0.6296875 0.06875 0.0390625 0.13671875
2 0.521875 0.084375 0.04375 0.1515625
2 0.56796875 0.125 0.03984375 0.1515625
2 0.70703125 0.02421875 0.028125 0.0484375
0 0.940625 0.015625 0.090625 0.03125
0 0.98515625 0.4859375 0.0296875 0.22734375
1 0.46953125 0.21875 0.0125 0.01875
0 0.3 0.165625 0.1328125 0.21953125