2 0.228125 0.6 0.06171875 0.23828125
2 0.70859375 0.4171875 0.0546875 0.19921875
2 0.84375 0.6703125 0.0859375 0.275
2 0.57421875 0.31953125 0.03984375 0.1765625
2 0.9796875 0.11796875 0.040625 0.12265625
2 0.24453125 0.10078125 0.03125 0.1125
2 0.73671875 0.20390625 0.0359375 0.1578125
2 0.575 0.13671875 0.0328125 0.0984375
0 0.60546875 0.021875 0.04453125 0.04375
2 0.65390625 0.1375 0.0359375 0.12734375
2 0.5796875 0.21796875 0.0359375 0.14296875
2 0.69296875 0.178125 0.0375 0.13515625
2 0.55078125 0.06171875 0.01875 0.075
2 0.909375 0.10859375 0.02890625 0.1328125
2 0.75625 0.01796875 0.0171875 0.034375
2 0.51328125 0.04296875 0.01875 0.0671875
2 0.69921875 0.01171875 0.0125 0.0234375
2 0.94453125 0.07421875 0.028125 0.103125
2 0.8234375 0.021875 0.0203125 0.04375
2 0.78828125 0.02578125 0.01875 0.0515625
1 0.70625 0.334375 0.0125 0.015625
1 0.84140625 0.58203125 0.0125 0.01875