2 0.0640625 0.36640625 0.04140625 0.17109375
2 0.61796875 0.5515625 0.0625 0.24453125
2 0.7015625 0.78046875 0.07109375 0.28984375
2 0.75703125 0.34609375 0.05 0.1796875
2 0.54921875 0.3640625 0.046875 0.18828125
2 0.5203125 0.1984375 0.03671875 0.1359375
2 0.65625 0.11484375 0.02734375 0.1109375
2 0.553125 0.0796875 0.0234375 0.0796875
2 0.53046875 0.0234375 0.01640625 0.046875
2 0.59609375 0.15 0.0328125 0.11875
2 0.95 0.1859375 0.0359375 0.1453125
2 0.7171875 0.01796875 0.01640625 0.0359375
2 0.775 0.021875 0.015625 0.04375
2 0.928125 0.128125 0.0328125 0.1203125
2 0.553125 0.02578125 0.01875 0.0515625
2 0.9703125 0.11484375 0.0328125 0.1265625
2 0.8046875 0.0453125 0.025 0.08359375
1 0.6140625 0.50625 0.0125 0.0171875
1 0.61015625 0.45546875 0.0140625 0.0265625
1 0.54921875 0.30234375 0.0125 0.0171875
2 0.83203125 0.02578125 0.0203125 0.0515625