0 0.71171875 0.1859375 0.1015625 0.1375
2 0.8046875 0.83203125 0.0828125 0.3109375
0 0.965625 0.22109375 0.06875 0.15625
2 0.83125 0.53046875 0.0671875 0.2375
2 0.62890625 0.90625 0.0875 0.1875
2 0.27421875 0.48359375 0.0609375 0.21875
2 0.66484375 0.39609375 0.05625 0.1921875
2 0.125 0.5109375 0.059375 0.203125
0 0.88984375 0.13828125 0.090625 0.11875
2 0.63125 0.659375 0.071875 0.2671875
0 0.65625 0.1078125 0.071875 0.10625
2 0.55625 0.41640625 0.0578125 0.2109375
2 0.51796875 0.20625 0.0421875 0.1390625
2 0.1921875 0.20078125 0.040625 0.134375
2 0.5578125 0.13203125 0.028125 0.1046875
2 0.6015625 0.20078125 0.040625 0.1390625
2 0.31328125 0.02421875 0.0234375 0.0484375
0 0.62890625 0.06171875 0.05625 0.0671875
2 0.25234375 0.0203125 0.0234375 0.040625
2 0.74765625 0.0125 0.015625 0.025
0 0.684375 0.0140625 0.040625 0.028125
0 0.60703125 0.03359375 0.046875 0.065625
0 0.83203125 0.0875 0.075 0.1125
2 0.01328125 0.85859375 0.0265625 0.1375
2 0.5203125 0.08828125 0.025 0.0859375
0 0.5828125 0.015625 0.04375 0.03125
2 0.71484375 0.02265625 0.0203125 0.04375
1 0.66171875 0.3234375 0.0125 0.0171875
1 0.62265625 0.85859375 0.0203125 0.0234375
1 0.79765625 0.71328125 0.0203125 0.0265625
1 0.62578125 0.565625 0.0140625 0.01875
1 0.121875 0.434375 0.0125 0.015625
1 0.8171875 0.4390625 0.015625 0.0171875
1 0.2734375 0.41171875 0.0140625 0.01640625
1 0.5546875 0.35078125 0.01328125 0.0171875
1 0.60234375 0.14609375 0.00703125 0.01171875
2 0.93125 0.07890625 0.0265625 0.09609375
2 0.94765625 0.06953125 0.02265625 0.10234375
2 0.54453125 0.0671875 0.01328125 0.0734375