0 0.87421875 0.4484375 0.171875 0.29375
2 0.58125 0.8734375 0.0921875 0.253125
2 0.5625 0.7 0.0796875 0.2546875
2 0.69140625 0.728125 0.0828125 0.33125
2 0.63828125 0.53828125 0.071875 0.2765625
2 0.4796875 0.8546875 0.096875 0.290625
2 0.2796875 0.36875 0.0546875 0.2125
2 0.38046875 0.6171875 0.0765625 0.2734375
2 0.68203125 0.36015625 0.0578125 0.2171875
2 0.76015625 0.171875 0.0484375 0.1734375
2 0.86484375 0.18125 0.0609375 0.1859375
2 0.95703125 0.05390625 0.0453125 0.1078125
2 0.871875 0.05546875 0.0375 0.1109375
2 0.50859375 0.05625 0.0328125 0.1125
2 0.8203125 0.08203125 0.0453125 0.1625
2 0.91640625 0.03984375 0.0375 0.0796875
2 0.2109375 0.27734375 0.040625 0.1765625
1 0.57734375 0.78828125 0.0203125 0.0265625
1 0.56640625 0.60390625 0.0171875 0.0234375
1 0.38359375 0.51484375 0.0171875 0.0203125
1 0.4859375 0.76328125 0.021875 0.0265625
1 0.27890625 0.290625 0.0109375 0.0125
1 0.690625 0.596875 0.01875 0.021875
1 0.6828125 0.2765625 0.0125 0.015625
1 0.64296875 0.43515625 0.0140625 0.015625
1 0.7609375 0.10546875 0.009375 0.0140625
1 0.86640625 0.11796875 0.0109375 0.0203125