0 0.43046875 0.209375 0.1375 0.2125
0 0.15546875 0.82265625 0.2265625 0.3546875
0 0.88671875 0.296875 0.15 0.23125
2 0.50625 0.66171875 0.0796875 0.2921875
2 0.40390625 0.634375 0.0765625 0.28125
2 0.29375 0.35234375 0.0546875 0.203125
2 0.63203125 0.58671875 0.0671875 0.278125
2 0.56328125 0.33984375 0.059375 0.2
2 0.10546875 0.40859375 0.05625 0.215625
2 0.77421875 0.2328125 0.0546875 0.2
2 0.04140625 0.5921875 0.065625 0.2640625
2 0.62890625 0.34921875 0.0625 0.21875
2 0.7125 0.34609375 0.059375 0.21875
2 0.265625 0.253125 0.0421875 0.1765625
2 0.4484375 0.0640625 0.0421875 0.1
2 0.953125 0.0109375 0.028125 0.021875
2 0.69375 0.24296875 0.05 0.184375
2 0.90390625 0.009375 0.025 0.01875
2 0.27578125 0.97421875 0.096875 0.0515625
2 0.54453125 0.25625 0.040625 0.1046875
1 0.403125 0.525 0.015625 0.021875
1 0.04140625 0.4890625 0.0140625 0.01875
1 0.29375 0.27109375 0.0125 0.0171875
1 0.69453125 0.17734375 0.0109375 0.0140625
2 0.859375 0.02578125 0.034375 0.05078125
1 0.62578125 0.2984375 0.009375 0.0203125
1 0.715625 0.2625 0.01171875 0.0171875
1 0.77265625 0.1609375 0.01328125 0.015625