0 0.74453125 0.8375 0.2375 0.3234375
0 0.9453125 0.14921875 0.109375 0.175
2 0.13828125 0.68359375 0.0890625 0.2921875
2 0.73046875 0.28828125 0.0609375 0.21875
2 0.36796875 0.925 0.1015625 0.15
2 0.30859375 0.390625 0.0703125 0.2390625
2 0.1046875 0.47734375 0.06875 0.23125
2 0.2453125 0.33984375 0.0515625 0.1953125
2 0.21328125 0.28671875 0.04375 0.184375
2 0.77578125 0.14296875 0.04375 0.16328125
2 0.921875 0.03046875 0.0359375 0.0609375
2 0.8453125 0.0875 0.040625 0.159375
2 0.01484375 0.853125 0.0296875 0.2671875
2 0.87578125 0.0953125 0.0359375 0.1609375
1 0.24375 0.265625 0.0125 0.015625
1 0.30703125 0.31171875 0.0140625 0.0203125
1 0.3578125 0.90546875 0.01875 0.025
1 0.7296875 0.215625 0.009375 0.0125
1 0.21796875 0.2203125 0.0109375 0.0125
1 0.38125 0.8953125 0.0203125 0.0234375
1 0.1359375 0.590625 0.01484375 0.01953125