0 0.66484375 0.51875 0.159375 0.2453125
2 0.8875 0.8515625 0.0859375 0.296875
0 0.36953125 0.0375 0.0671875 0.0734375
2 0.37734375 0.6734375 0.0671875 0.2484375
2 0.50234375 0.509375 0.05625 0.2234375
2 0.3875 0.89453125 0.0890625 0.2109375
2 0.196875 0.76953125 0.0703125 0.26875
2 0.12890625 0.321875 0.046875 0.159375
2 0.06640625 0.58984375 0.0609375 0.234375
2 0.80234375 0.4078125 0.05625 0.2078125
0 0.68671875 0.13046875 0.0859375 0.1328125
2 0.61484375 0.31015625 0.059375 0.175
2 0.296875 0.39765625 0.046875 0.1890625
2 0.67265625 0.21640625 0.0421875 0.140625
2 0.53984375 0.278125 0.04375 0.153125
2 0.309375 0.12109375 0.0359375 0.121875
2 0.271875 0.084375 0.03125 0.10625
2 0.24140625 0.28125 0.0453125 0.1609375
2 0.1859375 0.13515625 0.0359375 0.128125
2 0.025 0.82890625 0.05 0.3078125
2 0.253125 0.14140625 0.0359375 0.1265625
2 0.5421875 0.1984375 0.040625 0.1015625
2 0.53203125 0.125 0.03125 0.0953125
2 0.91796875 0.11328125 0.0328125 0.1015625
0 0.6453125 0.053125 0.0546875 0.06875
0 0.7859375 0.0640625 0.0625 0.0921875
2 0.221875 0.23671875 0.0421875 0.14375
2 0.51015625 0.02109375 0.021875 0.0421875
2 0.63125 0.12265625 0.028125 0.0796875
0 0.7015625 0.021875 0.0421875 0.04375
2 0.590625 0.1328125 0.0390625 0.1109375
2 0.3015625 0.04921875 0.028125 0.0953125
2 0.58984375 0.071875 0.03125 0.065625
2 0.85546875 0.06796875 0.03125 0.1234375
2 0.553125 0.97734375 0.096875 0.0453125
0 0.609375 0.0234375 0.0515625 0.046875
2 0.2515625 0.0546875 0.0234375 0.0828125
2 0.821875 0.09609375 0.0265625 0.0890625
2 0.5328125 0.01796875 0.01875 0.0359375
0 0.6625 0.015625 0.05625 0.03125
0 0.603125 0.015625 0.0640625 0.03125
2 0.55625 0.05390625 0.0234375 0.06875
2 0.54140625 0.071875 0.0265625 0.0671875
0 0.5890625 0.01328125 0.0375 0.0265625
1 0.37890625 0.8359375 0.0203125 0.028125
1 0.065625 0.5046875 0.015625 0.01875
1 0.00703125 0.7421875 0.0140625 0.021875
1 0.5015625 0.4234375 0.0125 0.015625
1 0.19375 0.66796875 0.01796875 0.028125
1 0.37421875 0.5796875 0.0125 0.01875
1 0.8890625 0.74140625 0.01875 0.0234375
1 0.29453125 0.3265625 0.0125 0.0171875
1 0.8 0.33359375 0.01171875 0.01484375
1 0.12734375 0.26484375 0.01015625 0.01328125
1 0.22265625 0.1921875 0.00859375 0.0125