2 0.55546875 0.23125 0.0375 0.1640625
2 0.734375 0.240625 0.0421875 0.17109375
0 0.7125 0.0875 0.0765625 0.11171875
2 0.2046875 0.84765625 0.078125 0.3
2 0.76875 0.684375 0.08125 0.29453125
2 0.609375 0.2984375 0.0484375 0.184375
0 0.66484375 0.0484375 0.0640625 0.096875
2 0.56875 0.1 0.03125 0.1078125
2 0.2125 0.11171875 0.0296875 0.12421875
2 0.97421875 0.14453125 0.034375 0.14296875
2 0.525 0.04921875 0.0234375 0.0859375
2 0.625 0.02109375 0.0203125 0.0421875
2 0.59765625 0.11640625 0.02890625 0.1234375
2 0.01953125 0.35078125 0.0359375 0.165625
0 0.75 0.00859375 0.05625 0.0171875
2 0.57109375 0.02578125 0.0203125 0.0515625
0 0.82734375 0.0375 0.06328125 0.0734375
0 0.87109375 0.0625 0.0703125 0.09921875
2 0.93828125 0.1015625 0.03046875 0.11953125
1 0.596875 0.06875 0.00859375 0.0125
1 0.7328125 0.175 0.0109375 0.0125