0 0.93203125 0.26875 0.134375 0.221875
0 0.44921875 0.92109375 0.259375 0.1578125
2 0.5703125 0.39140625 0.0625 0.221875
2 0.43984375 0.6015625 0.0859375 0.2765625
2 0.7640625 0.41015625 0.0609375 0.2390625
2 0.671875 0.42890625 0.0703125 0.2359375
2 0.48359375 0.70234375 0.08125 0.2828125
2 0.78203125 0.1734375 0.05625 0.1828125
0 0.528125 0.10234375 0.0828125 0.159375
2 0.02265625 0.62890625 0.0453125 0.2671875
2 0.678125 0.2421875 0.05 0.178125
2 0.92421875 0.1015625 0.0453125 0.1390625
2 0.96875 0.05625 0.0421875 0.1125
2 0.83671875 0.09375 0.04375 0.1765625
2 0.4796875 0.04765625 0.03125 0.0953125
2 0.88828125 0.05546875 0.040625 0.1109375
2 0.8125 0.04296875 0.03125 0.0859375
2 0.94140625 0.02734375 0.034375 0.0546875
1 0.43984375 0.5078125 0.0171875 0.021875
1 0.00625 0.525 0.0125 0.025
1 0.47734375 0.59453125 0.0171875 0.0234375
1 0.5703125 0.30234375 0.0125 0.0171875
1 0.67734375 0.3296875 0.0140625 0.01875
1 0.678125 0.178125 0.009375 0.0125
1 0.75859375 0.3203125 0.01171875 0.01875
1 0.7796875 0.1109375 0.01015625 0.0140625