0 0.49296875 0.10859375 0.153125 0.2171875
2 0.0375 0.69296875 0.075 0.2921875
2 0.71484375 0.24921875 0.05390625 0.2109375
2 0.55859375 0.31484375 0.0546875 0.18125
2 0.66171875 0.30546875 0.0609375 0.2171875
2 0.453125 0.4796875 0.0703125 0.253125
2 0.553125 0.47578125 0.0734375 0.2484375
2 0.4015625 0.42265625 0.0640625 0.2421875
2 0.64921875 0.09609375 0.0484375 0.1625
2 0.21484375 0.5859375 0.0703125 0.2734375
2 0.77578125 0.06875 0.0453125 0.1375
2 0.59453125 0.03671875 0.0359375 0.0734375
2 0.6875 0.04921875 0.04375 0.0984375
0 0.30078125 0.1640625 0.13125 0.21875
2 0.73515625 0.03125 0.04375 0.0625
1 0.55625 0.25625 0.01484375 0.0234375
1 0.66328125 0.22734375 0.01640625 0.021875
1 0.40625 0.33515625 0.01640625 0.028125