0 0.91640625 0.25625 0.1359375 0.2171875
0 0.475 0.1640625 0.1296875 0.2015625
2 0.278125 0.86484375 0.1015625 0.2703125
2 0.64921875 0.8109375 0.1125 0.346875
0 0.9640625 0.06171875 0.071875 0.121875
2 0.546875 0.7578125 0.0875 0.3265625
2 0.3328125 0.13203125 0.046875 0.15
2 0.67265625 0.43671875 0.0671875 0.2546875
2 0.81875 0.0765625 0.04375 0.153125
2 0.04765625 0.8546875 0.0953125 0.290625
2 0.2203125 0.34140625 0.0546875 0.1921875
2 0.69609375 0.215625 0.05 0.171875
2 0.76640625 0.22578125 0.0484375 0.1828125
2 0.72578125 0.15859375 0.0484375 0.1625
2 0.44921875 0.9453125 0.09375 0.109375
2 0.49296875 0.0359375 0.0390625 0.071875
2 0.9078125 0.02578125 0.034375 0.0515625
2 0.265625 0.27109375 0.05625 0.19453125
2 0.45703125 0.059375 0.0359375 0.06875
2 0.265625 0.36015625 0.0546875 0.203125
2 0.87265625 0.0234375 0.03125 0.046875
1 0.221875 0.26875 0.0125 0.015625
1 0.0421875 0.746875 0.021875 0.028125
1 0.28203125 0.76875 0.0203125 0.028125
1 0.26796875 0.28359375 0.0109375 0.0140625
1 0.7640625 0.15859375 0.0109375 0.01484375
1 0.64609375 0.72578125 0.0171875 0.0265625
1 0.67421875 0.34453125 0.01484375 0.01953125
1 0.26171875 0.1984375 0.01015625 0.01484375