0 0.85703125 0.4375 0.1671875 0.3234375
2 0.3765625 0.7171875 0.0796875 0.30625
2 0.7171875 0.37265625 0.059375 0.228125
2 0.615625 0.37109375 0.059375 0.2171875
2 0.465625 0.83828125 0.0828125 0.315625
2 0.28671875 0.26796875 0.0484375 0.1828125
2 0.79765625 0.165625 0.046875 0.1703125
2 0.53046875 0.36328125 0.0625 0.209375
2 0.971875 0.0375 0.0359375 0.075
2 0.821875 0.05390625 0.0390625 0.1078125
2 0.88359375 0.04375 0.0359375 0.0875
2 0.93828125 0.0078125 0.0265625 0.015625
1 0.3765625 0.59375 0.021875 0.02890625
1 0.7203125 0.2859375 0.0140625 0.01875
1 0.28359375 0.19921875 0.0109375 0.0140625
1 0.61640625 0.2859375 0.0140625 0.01875
1 0.7953125 0.1046875 0.01171875 0.0171875
1 0.4671875 0.71328125 0.01796875 0.03203125
1 0.53125 0.27890625 0.0109375 0.0171875