0 0.23125 0.44609375 0.1734375 0.25
0 0.49296875 0.78046875 0.25625 0.434375
2 0.878125 0.28203125 0.0625 0.2265625
2 0.79140625 0.56484375 0.078125 0.3
2 0.95078125 0.15390625 0.0515625 0.1796875
2 0.553125 0.94140625 0.0859375 0.1171875
2 0.74375 0.234375 0.053125 0.18125
2 0.9 0.04609375 0.0453125 0.0921875
2 0.5328125 0.0234375 0.0296875 0.046875
2 0.34140625 0.17265625 0.0375 0.1671875
1 0.790625 0.45859375 0.015625 0.0171875
1 0.74765625 0.15859375 0.0109375 0.0140625
1 0.88359375 0.196875 0.0109375 0.015625
1 0.95078125 0.090625 0.0109375 0.01640625
2 0.74453125 0.1265625 0.03828125 0.09765625