2 0.80234375 0.4625 0.0734375 0.26875
2 0.91875 0.33046875 0.0625 0.23125
2 0.68359375 0.20703125 0.046875 0.178125
2 0.55703125 0.4078125 0.06875 0.2125
2 0.1140625 0.6140625 0.075 0.265625
2 0.54609375 0.57578125 0.078125 0.2703125
2 0.6953125 0.50546875 0.0796875 0.275
2 0.859375 0.0921875 0.0453125 0.1640625
2 0.35 0.16171875 0.0421875 0.1546875
2 0.7671875 0.12890625 0.0484375 0.1640625
2 0.821875 0.059375 0.0421875 0.11875
2 0.94921875 0.0203125 0.034375 0.040625
1 0.54375 0.475 0.015625 0.01875
1 0.69375 0.40625 0.015625 0.01875
1 0.11640625 0.5140625 0.0140625 0.01875
1 0.80078125 0.36015625 0.0140625 0.0203125
1 0.91796875 0.2390625 0.0140625 0.01875
1 0.68046875 0.1359375 0.0109375 0.0125