2 0.2703125 0.45546875 0.0734375 0.2390625
2 0.2921875 0.23046875 0.0484375 0.1734375
2 0.3453125 0.35390625 0.0578125 0.2125
2 0.0921875 0.4546875 0.0765625 0.23125
2 0.82421875 0.18046875 0.05625 0.184375
2 0.69375 0.21875 0.053125 0.1921875
0 0.959375 0.0671875 0.08125 0.134375
2 0.9328125 0.1484375 0.0484375 0.18125
2 0.8734375 0.0671875 0.040625 0.134375
2 0.909375 0.04375 0.0375 0.0875
2 0.84375 0.07890625 0.034375 0.1390625
1 0.2703125 0.36640625 0.0125 0.0171875
1 0.29453125 0.15859375 0.0109375 0.0140625
1 0.090625 0.371875 0.0125 0.015625
1 0.346875 0.27421875 0.01171875 0.01640625
1 0.690625 0.153125 0.0109375 0.0171875