2 0.1796875 0.43359375 0.0671875 0.2359375
2 0.275 0.85546875 0.09375 0.2859375
0 0.40234375 0.0765625 0.1078125 0.153125
2 0.50703125 0.11328125 0.0421875 0.1578125
2 0.63515625 0.86484375 0.0953125 0.2671875
2 0.60859375 0.065625 0.04375 0.13125
2 0.2859375 0.3625 0.065625 0.215625
2 0.5125 0.5609375 0.0734375 0.2734375
2 0.7578125 0.0875 0.046875 0.171875
2 0.6703125 0.11796875 0.0421875 0.171875
2 0.94453125 0.04453125 0.04375 0.0890625
2 0.578125 0.0421875 0.0375 0.084375
0 0.47265625 0.01953125 0.05625 0.0390625
0 0.3 0.16640625 0.128125 0.221875
1 0.275 0.75 0.0203125 0.0375
1 0.5078125 0.4578125 0.01796875 0.02578125
1 0.63203125 0.76796875 0.02109375 0.03125
1 0.67109375 0.05234375 0.0125 0.0203125
1 0.75546875 0.01953125 0.01171875 0.02265625