2 0.36328125 0.81171875 0.0953125 0.3234375
2 0.53046875 0.81484375 0.0921875 0.3421875
2 0.03125 0.69765625 0.0625 0.2765625
2 0.52421875 0.47109375 0.071875 0.2359375
2 0.63359375 0.35625 0.0625 0.2125
2 0.1453125 0.5125 0.078125 0.24375
2 0.32734375 0.37109375 0.0640625 0.2078125
2 0.63828125 0.9234375 0.1046875 0.153125
2 0.796875 0.08671875 0.0390625 0.15625
2 0.89921875 0.00703125 0.0234375 0.0140625
2 0.93203125 0.00390625 0.021875 0.0078125
1 0.146875 0.4171875 0.015625 0.01875
1 0.359375 0.68828125 0.01875 0.0265625
1 0.64140625 0.89296875 0.0203125 0.0296875
1 0.32890625 0.2890625 0.0109375 0.0125
1 0.6328125 0.27421875 0.0125 0.0140625
1 0.525 0.3875 0.0125 0.01875