0 0.69453125 0.15703125 0.09375 0.12578125
0 0.20390625 0.15625 0.0828125 0.12421875
2 0.6078125 0.68828125 0.078125 0.271875
2 0.796875 0.86953125 0.08984375 0.2609375
2 0.0703125 0.471875 0.0515625 0.2015625
2 0.465625 0.91796875 0.0859375 0.1640625
2 0.52578125 0.7859375 0.06796875 0.2859375
2 0.29921875 0.43203125 0.05234375 0.2015625
2 0.5640625 0.5546875 0.0671875 0.225
2 0.2421875 0.64921875 0.05703125 0.2421875
2 0.340625 0.7953125 0.0765625 0.253125
2 0.3234375 0.24140625 0.03671875 0.1515625
2 0.3296875 0.90390625 0.075 0.1921875
2 0.203125 0.44140625 0.059375 0.19375
2 0.55859375 0.34765625 0.0515625 0.1765625
2 0.2734375 0.178125 0.0421875 0.1390625
2 0.5953125 0.20390625 0.0421875 0.1390625
2 0.5109375 0.30703125 0.0421875 0.1671875
2 0.18515625 0.37421875 0.04375 0.1515625
2 0.23984375 0.21484375 0.0421875 0.134375
2 0.53203125 0.22890625 0.0421875 0.1359375
2 0.290625 0.0796875 0.0296875 0.0953125
2 0.90078125 0.1015625 0.028125 0.12109375
2 0.53046875 0.14765625 0.0296875 0.09375
0 0.65625 0.0921875 0.0625 0.0953125
2 0.49453125 0.0828125 0.021875 0.084375
2 0.5578125 0.12109375 0.03125 0.13125
2 0.31953125 0.1546875 0.0375 0.1125
2 0.2375 0.06796875 0.0296875 0.0984375
2 0.340625 0.015625 0.01796875 0.03125
2 0.98671875 0.14921875 0.0265625 0.1453125
0 0.57265625 0.02265625 0.040625 0.0453125
2 0.315625 0.05625 0.0265625 0.0921875
0 0.9796875 0.8234375 0.040625 0.3125
2 0.28203125 0.025 0.02578125 0.05
2 0.525 0.0640625 0.0203125 0.0734375
2 0.59609375 0.1375 0.03125 0.075
2 0.71015625 0.00703125 0.0140625 0.0140625
2 0.753125 0.02578125 0.0234375 0.0515625
2 0.7890625 0.02578125 0.021875 0.05
2 0.584375 0.03828125 0.01875 0.07265625
2 0.5140625 0.028125 0.0171875 0.0546875
2 0.3140625 0.0078125 0.01875 0.015625
1 0.45703125 0.87421875 0.01796875 0.0265625
1 0.55703125 0.46875 0.0140625 0.021875
1 0.2390625 0.5578125 0.01484375 0.021875
1 0.6078125 0.5859375 0.01640625 0.028125
1 0.07109375 0.39921875 0.01171875 0.015625
1 0.79765625 0.7828125 0.015625 0.02578125
1 0.3296875 0.8453125 0.015625 0.02890625
1 0.29765625 0.35390625 0.01171875 0.02109375
1 0.184375 0.328125 0.01171875 0.01484375
1 0.50859375 0.24609375 0.0109375 0.01484375