2 0.55703125 0.79921875 0.096875 0.3375
2 0.0375 0.8015625 0.075 0.2671875
0 0.4015625 0.0765625 0.109375 0.153125
2 0.2296875 0.73046875 0.075 0.3171875
2 0.49296875 0.3 0.053125 0.2015625
2 0.3234375 0.86640625 0.0953125 0.265625
2 0.4046875 0.25 0.0515625 0.1875
2 0.678125 0.290625 0.0546875 0.2125
2 0.53984375 0.046875 0.0375 0.09375
2 0.53203125 0.16875 0.0484375 0.175
2 0.71796875 0.1515625 0.0484375 0.1640625
2 0.64609375 0.18203125 0.046875 0.1765625
2 0.76328125 0.06484375 0.0484375 0.1296875
2 0.6 0.06796875 0.03671875 0.1328125
2 0.69140625 0.09140625 0.040625 0.153125
0 0.30078125 0.1703125 0.13125 0.2265625
0 0.47109375 0.021875 0.0625 0.04375
1 0.55390625 0.67265625 0.0203125 0.0328125
1 0.32109375 0.771875 0.02265625 0.0375
1 0.23203125 0.61171875 0.01640625 0.03046875
1 0.028125 0.7109375 0.02109375 0.0328125
2 0.58671875 0.02578125 0.0265625 0.0515625
1 0.4921875 0.22734375 0.01015625 0.0171875