2 0.29765625 0.88984375 0.1 0.2203125
2 0.81875 0.88359375 0.09375 0.2328125
2 0.45234375 0.89375 0.1015625 0.2125
2 0.7921875 0.30546875 0.05390625 0.21171875
2 0.57109375 0.7390625 0.09453125 0.3140625
2 0.3609375 0.18984375 0.04375 0.175
2 0.58125 0.396875 0.0625 0.23046875
2 0.496875 0.0625 0.03203125 0.125
2 0.80234375 0.10234375 0.04453125 0.1640625
0 0.97890625 0.040625 0.0421875 0.08125
1 0.57109375 0.61640625 0.0203125 0.0265625
1 0.45078125 0.82734375 0.0203125 0.0296875
1 0.3 0.81796875 0.0203125 0.02890625
1 0.79453125 0.2265625 0.0125 0.01953125
2 0.90234375 0.02890625 0.0296875 0.0578125
2 0.409375 0.08125 0.02734375 0.13359375