0 0.07734375 0.778125 0.1546875 0.296875
2 0.48125 0.70859375 0.0859375 0.3
2 0.6015625 0.3875 0.06875 0.225
2 0.79609375 0.7734375 0.0921875 0.328125
2 0.78125 0.17734375 0.0546875 0.171875
2 0.15859375 0.37109375 0.053125 0.2171875
2 0.43203125 0.08515625 0.0359375 0.13046875
2 0.9890625 0.02109375 0.021875 0.0421875
1 0.796875 0.65078125 0.01875 0.0265625
1 0.603125 0.2984375 0.015625 0.01875
1 0.47734375 0.5921875 0.0171875 0.025
1 0.49375 0.58984375 0.01875 0.0234375
1 0.77890625 0.109375 0.0109375 0.01640625
1 0.15390625 0.30546875 0.01171875 0.01484375
2 0.9 0.03203125 0.02578125 0.06328125