0 0.33046875 0.56875 0.15546875 0.2375
0 0.75 0.23203125 0.11015625 0.1734375
0 0.31328125 0.175 0.0875 0.14765625
2 0.6359375 0.84296875 0.08125 0.2921875
0 0.67734375 0.1265625 0.0796875 0.125
2 0.846875 0.85078125 0.07421875 0.2984375
2 0.31953125 0.9375 0.0734375 0.125
2 0.103125 0.396875 0.046875 0.1703125
2 0.6484375 0.5578125 0.0578125 0.2609375
2 0.2328125 0.40546875 0.04765625 0.184375
2 0.26640625 0.77578125 0.07421875 0.28359375
2 0.75234375 0.48828125 0.0578125 0.2390625
2 0.525 0.1375 0.02734375 0.1046875
2 0.296875 0.01953125 0.021875 0.0390625
2 0.2390625 0.14921875 0.0328125 0.128125
2 0.5625 0.1 0.02265625 0.09453125
2 0.74609375 0.01484375 0.0140625 0.0296875
2 0.57421875 0.025 0.0203125 0.05
2 0.90546875 0.0578125 0.0296875 0.09453125
2 0.94453125 0.0703125 0.028125 0.1046875
2 0.5171875 0.08671875 0.0234375 0.0734375
2 0.7234375 0.01328125 0.0140625 0.025
0 0.6515625 0.071875 0.059375 0.0859375
0 0.62578125 0.0671875 0.0515625 0.0890625
2 0.515625 0.0359375 0.0203125 0.06484375
2 0.76953125 0.01640625 0.015625 0.0328125
2 0.9921875 0.1046875 0.01484375 0.12265625
2 0.0953125 0.94765625 0.065625 0.1046875
1 0.6296875 0.728125 0.0171875 0.02734375
1 0.75234375 0.41171875 0.0140625 0.0265625
1 0.31796875 0.91484375 0.01875 0.03046875
1 0.23046875 0.33046875 0.01171875 0.01875
2 0.84453125 0.03515625 0.01953125 0.06953125
2 0.82421875 0.0234375 0.01640625 0.04609375
2 0.8046875 0.034375 0.01796875 0.06796875
2 0.78125 0.040625 0.01875 0.07890625