0 0.9296875 0.1953125 0.13125 0.2109375
2 0.58671875 0.3375 0.0578125 0.20625
2 0.6953125 0.70625 0.0859375 0.3140625
2 0.06171875 0.56953125 0.06875 0.25
2 0.7546875 0.45546875 0.0671875 0.2484375
2 0.80078125 0.3484375 0.0640625 0.234375
2 0.6578125 0.4765625 0.0734375 0.2578125
2 0.39375 0.19921875 0.046875 0.171875
2 0.70390625 0.359375 0.0625 0.221875
2 0.77890625 0.16640625 0.05 0.15625
2 0.8328125 0.0671875 0.0453125 0.134375
2 0.75859375 0.259375 0.05625 0.1828125
2 0.2671875 0.22734375 0.0375 0.1625
2 0.89609375 0.0515625 0.04375 0.103125
2 0.93359375 0.05078125 0.0453125 0.1
2 0.95390625 0.00859375 0.0359375 0.0171875
2 0.990625 0.0171875 0.01875 0.034375
1 0.06015625 0.46953125 0.0171875 0.0203125
1 0.69296875 0.5828125 0.0171875 0.025
1 0.70625 0.278125 0.0125 0.015625
1 0.66015625 0.38515625 0.0140625 0.0171875
1 0.590625 0.25625 0.009375 0.0125
1 0.753125 0.3578125 0.0125 0.015625
1 0.79921875 0.26171875 0.0125 0.01875
1 0.39140625 0.1359375 0.01015625 0.01484375