0 0.70859375 0.3046875 0.1375 0.2296875
2 0.44296875 0.28828125 0.0515625 0.2171875
2 0.48671875 0.61015625 0.08125 0.290625
2 0.51484375 0.453125 0.06875 0.2390625
2 0.028125 0.83046875 0.05625 0.1734375
2 0.34765625 0.4140625 0.0609375 0.2234375
2 0.6078125 0.20078125 0.0484375 0.184375
2 0.56953125 0.0625 0.040625 0.125
2 0.13671875 0.85625 0.0890625 0.175
2 0.66796875 0.18046875 0.0453125 0.140625
0 0.4546875 0.02421875 0.09375 0.0484375
2 0.659375 0.06875 0.0375 0.1375
2 0.62109375 0.06640625 0.0421875 0.1328125
2 0.60859375 0.01953125 0.034375 0.0390625
1 0.3453125 0.33671875 0.015625 0.021875
1 0.44296875 0.2046875 0.0125 0.02109375
1 0.0109375 0.7890625 0.021875 0.0375
1 0.48515625 0.503125 0.01796875 0.02890625
1 0.51171875 0.36875 0.01484375 0.02890625
1 0.6078125 0.1296875 0.0140625 0.0234375