0 0.9265625 0.15078125 0.1296875 0.2296875
2 0.41015625 0.1609375 0.04375 0.1734375
2 0.696875 0.30703125 0.0546875 0.2140625
2 0.7203125 0.1921875 0.0453125 0.171875
2 0.31015625 0.190625 0.0453125 0.1703125
2 0.821875 0.0796875 0.04375 0.1546875
0 0.97578125 0.06015625 0.046875 0.1203125
2 0.91640625 0.00859375 0.03125 0.0171875
2 0.890625 0.0359375 0.0328125 0.071875
1 0.3078125 0.1234375 0.009375 0.0125
1 0.4078125 0.09375 0.009375 0.0125
1 0.71953125 0.13046875 0.0125 0.015625
1 0.696875 0.2265625 0.0109375 0.01796875