2 0.54296875 0.25625 0.0515625 0.19375
2 0.66796875 0.29375 0.0546875 0.2125
2 0.42578125 0.36015625 0.0640625 0.225
2 0.60546875 0.18125 0.05 0.175
2 0.49140625 0.43359375 0.065625 0.228125
2 0.0375 0.746875 0.075 0.2984375
0 0.65234375 0.93125 0.2265625 0.1375
2 0.3171875 0.25546875 0.0546875 0.175
2 0.37265625 0.28828125 0.0546875 0.1984375
2 0.63203125 0.02734375 0.034375 0.0546875
2 0.6921875 0.03671875 0.04375 0.0734375
0 0.453125 0.02421875 0.0890625 0.0484375
2 0.05234375 0.61015625 0.096875 0.25
2 0.190625 0.9140625 0.10078125 0.171875
1 0.4265625 0.28046875 0.015625 0.0203125
1 0.54296875 0.18359375 0.0125 0.0171875
1 0.66796875 0.2125 0.01640625 0.02109375
0 0.3 0.1609375 0.13671875 0.21875