2 0.353125 0.9140625 0.0890625 0.171875
2 0.5640625 0.8328125 0.09375 0.309375
2 0.19609375 0.85234375 0.09375 0.1546875
2 0.76328125 0.28359375 0.05625 0.209375
2 0.83125 0.509375 0.0703125 0.26875
2 0.6234375 0.3515625 0.0578125 0.2203125
2 0.72109375 0.18828125 0.0421875 0.16875
2 0.57265625 0.95078125 0.109375 0.0984375
2 0.80546875 0.1 0.040625 0.15625
2 0.9921875 0.0203125 0.015625 0.040625
1 0.2078125 0.8140625 0.021875 0.03828125
1 0.559375 0.72421875 0.01875 0.0234375
1 0.82890625 0.40234375 0.0140625 0.0171875
1 0.359375 0.871875 0.01875 0.021875
1 0.56953125 0.94921875 0.0234375 0.0453125
1 0.62265625 0.26640625 0.01328125 0.01640625
1 0.71640625 0.1265625 0.01015625 0.01171875
1 0.7546875 0.209375 0.00625 0.0171875
1 0.7625 0.20625 0.01171875 0.0171875
2 0.865625 0.028125 0.0265625 0.05625
2 0.89296875 0.04375 0.0296875 0.0875
2 0.91484375 0.028125 0.01875 0.05625
2 0.16171875 0.36796875 0.0484375 0.1984375
1 0.80234375 0.0515625 0.01015625 0.0125