2 0.58671875 0.33125 0.0453125 0.1734375
0 0.64140625 0.078125 0.059375 0.0859375
0 0.67890625 0.12421875 0.075 0.1140625
0 0.52421875 0.9265625 0.25625 0.146875
2 0.66875 0.3875 0.0515625 0.203125
2 0.73203125 0.7484375 0.08125 0.2921875
0 0.96796875 0.1984375 0.0640625 0.1703125
2 0.25625 0.11640625 0.034375 0.125
0 0.7015625 0.025 0.046875 0.05
2 0.56328125 0.1265625 0.028125 0.1015625
2 0.58515625 0.028125 0.0203125 0.05625
2 0.50390625 0.1015625 0.025 0.0890625
2 0.9421875 0.103125 0.021875 0.0484375
2 0.52265625 0.07578125 0.021875 0.0765625
2 0.17109375 0.16875 0.028125 0.1265625
2 0.55625 0.05234375 0.0234375 0.0734375
2 0.7625 0.015625 0.01875 0.03125
2 0.78203125 0.0234375 0.0234375 0.046875
1 0.66640625 0.31015625 0.0109375 0.0140625
1 0.584375 0.26328125 0.0109375 0.0140625
1 0.72734375 0.63828125 0.0171875 0.0203125