0 0.90390625 0.49921875 0.1921875 0.2984375
2 0.203125 0.54609375 0.06328125 0.2203125
2 0.0390625 0.78828125 0.06875 0.259375
2 0.5671875 0.31484375 0.04453125 0.184375
2 0.403125 0.7734375 0.07578125 0.3
0 0.94453125 0.109375 0.1015625 0.146875
2 0.16953125 0.2421875 0.04375 0.15625
2 0.0640625 0.61328125 0.0796875 0.23828125
2 0.38828125 0.48671875 0.059375 0.225
2 0.3484375 0.64765625 0.08125 0.259375
2 0.7171875 0.671875 0.08125 0.2796875
0 0.371875 0.04921875 0.0796875 0.09765625
2 0.6609375 0.4046875 0.0578125 0.2125
2 0.74609375 0.1546875 0.0421875 0.140625
2 0.75390625 0.4953125 0.05625 0.246875
2 0.246875 0.0953125 0.0296875 0.125
2 0.315625 0.140625 0.03359375 0.140625
2 0.28828125 0.04609375 0.02890625 0.0921875
2 0.6171875 0.19765625 0.0375 0.1453125
0 0.634375 0.0171875 0.0578125 0.034375
2 0.31796875 0.02421875 0.02265625 0.0484375
2 0.56796875 0.14453125 0.034375 0.12734375
2 0.53359375 0.02265625 0.025 0.0453125
2 0.58828125 0.06875 0.0296875 0.1015625
2 0.71015625 0.5234375 0.0640625 0.1890625
2 0.6203125 0.109375 0.034375 0.1046875
2 0.6859375 0.34921875 0.05 0.16875
2 0.55078125 0.11015625 0.0296875 0.10625
2 0.8796875 0.0328125 0.028125 0.065625
2 0.8046875 0.0078125 0.0234375 0.015625
1 0.03671875 0.68671875 0.01484375 0.025
1 0.70859375 0.46875 0.0140625 0.0234375
1 0.3859375 0.4015625 0.0125 0.02109375
1 0.7484375 0.40625 0.01328125 0.0203125
1 0.34921875 0.5546875 0.0125 0.0171875
1 0.0609375 0.53359375 0.0140625 0.02109375