0 0.84375 0.51328125 0.20625 0.3703125
2 0.590625 0.409375 0.06875 0.24375
2 0.68671875 0.38125 0.0640625 0.2265625
2 0.63984375 0.8328125 0.0953125 0.334375
2 0.30078125 0.2828125 0.090625 0.1953125
2 0.034375 0.60546875 0.06875 0.2515625
2 0.78046875 0.35390625 0.059375 0.1859375
2 0.74609375 0.27890625 0.0578125 0.2
2 0.85078125 0.08046875 0.04375 0.153125
2 0.1734375 0.315625 0.0578125 0.1765625
2 0.90859375 0.0234375 0.0359375 0.046875
2 0.8109375 0.05390625 0.0375 0.1078125
2 0.9375 0.01171875 0.034375 0.0234375
1 0.68359375 0.28984375 0.0140625 0.0171875
1 0.02890625 0.50859375 0.0140625 0.0203125
1 0.77890625 0.2859375 0.0109375 0.015625
1 0.17109375 0.24140625 0.0109375 0.0140625
1 0.7453125 0.20703125 0.009375 0.0109375
2 0.19296875 0.2390625 0.040625 0.16015625
1 0.58984375 0.328125 0.01328125 0.0203125
1 0.59921875 0.31015625 0.00859375 0.015625