0 0.6765625 0.3390625 0.1390625 0.2390625
2 0.3234375 0.66171875 0.07421875 0.30390625
2 0.23984375 0.90703125 0.0859375 0.1859375
2 0.54921875 0.59296875 0.078125 0.29921875
2 0.6484375 0.13359375 0.040625 0.1640625
2 0.51640625 0.15703125 0.046875 0.16484375
2 0.41171875 0.28046875 0.0484375 0.18515625
2 0.55078125 0.303125 0.0484375 0.2078125
2 0.68203125 0.54296875 0.0671875 0.2546875
2 0.47265625 0.3609375 0.05546875 0.178125
2 0.98125 0.08671875 0.0375 0.1734375
2 0.48203125 0.525 0.0671875 0.275
2 0.69296875 0.0328125 0.0453125 0.065625
2 0.58203125 0.02265625 0.028125 0.0453125
2 0.540625 0.084375 0.0390625 0.153125
2 0.51484375 0.05703125 0.03359375 0.1140625
2 0.44609375 0.034375 0.0546875 0.06796875
1 0.48046875 0.421875 0.015625 0.02734375
1 0.55234375 0.22265625 0.01328125 0.01875
1 0.240625 0.86640625 0.0203125 0.02890625
1 0.51640625 0.09375 0.01015625 0.0171875
0 0.3 0.1640625 0.13359375 0.2140625