2 0.81171875 0.403125 0.0515625 0.20625
2 0.125 0.58671875 0.0640625 0.23125
2 0.55546875 0.7859375 0.0734375 0.2984375
2 0.50859375 0.53125 0.0578125 0.23125
2 0.60546875 0.1546875 0.0421875 0.1265625
0 0.63125 0.07421875 0.0640625 0.084375
2 0.71953125 0.60546875 0.065625 0.2453125
2 0.7046875 0.43671875 0.0609375 0.2015625
2 0.75703125 0.0140625 0.01875 0.028125
2 0.50625 0.06171875 0.025 0.0734375
2 0.5796875 0.06015625 0.0234375 0.084375
2 0.72265625 0.02109375 0.0171875 0.0421875
2 0.70390625 0.015625 0.0171875 0.03125
2 0.54609375 0.06796875 0.021875 0.0765625
1 0.809375 0.3203125 0.0125 0.015625
1 0.50390625 0.4390625 0.0140625 0.01875
1 0.54765625 0.66953125 0.0171875 0.0203125
1 0.70625 0.37109375 0.0125 0.0140625
1 0.12109375 0.51171875 0.0140625 0.0171875
1 0.7140625 0.50390625 0.0140625 0.02109375