0 0.8109375 0.86953125 0.25 0.2609375
0 0.8640625 0.4375 0.1859375 0.3234375
2 0.3078125 0.9 0.103125 0.2
2 0.3203125 0.31484375 0.0578125 0.2015625
2 0.6265625 0.340625 0.0546875 0.2109375
2 0.17578125 0.2953125 0.053125 0.1828125
2 0.03359375 0.815625 0.0671875 0.3234375
2 0.78671875 0.11328125 0.046875 0.1640625
2 0.4953125 0.04296875 0.0359375 0.0859375
2 0.8125 0.06015625 0.0375 0.1203125
2 0.928125 0.01171875 0.028125 0.0234375
2 0.96015625 0.01640625 0.028125 0.0328125
2 0.87734375 0.03515625 0.0375 0.0703125
1 0.31015625 0.8359375 0.0203125 0.03125
1 0.01953125 0.69375 0.0171875 0.04140625
1 0.6234375 0.25703125 0.0125 0.0140625
1 0.32109375 0.23671875 0.0125 0.015625