0 0.78125 0.69375 0.2125 0.3671875
2 0.09375 0.6734375 0.075 0.2859375
2 0.50390625 0.49296875 0.08125 0.2546875
0 0.96484375 0.06015625 0.0703125 0.1203125
2 0.48828125 0.75234375 0.084375 0.3109375
2 0.69140625 0.44296875 0.06875 0.2546875
2 0.265625 0.38125 0.059375 0.2140625
2 0.78046875 0.196875 0.05 0.1890625
2 0.4375 0.12578125 0.0515625 0.1671875
2 0.625 0.409375 0.0640625 0.2328125
2 0.30390625 0.25625 0.053125 0.1828125
2 0.80859375 0.0625 0.0421875 0.125
2 0.90546875 0.0421875 0.040625 0.084375
2 0.77421875 0.0828125 0.0390625 0.1171875
1 0.09140625 0.56171875 0.0171875 0.0234375
1 0.48984375 0.63125 0.0171875 0.025
1 0.26640625 0.30234375 0.0109375 0.0140625
1 0.503125 0.40859375 0.0125 0.02421875
1 0.68984375 0.34609375 0.0125 0.015625
1 0.440625 0.06953125 0.009375 0.0109375
1 0.62421875 0.328125 0.015625 0.025
1 0.29921875 0.1953125 0.01015625 0.01640625
1 0.4296875 0.05234375 0.00859375 0.015625