0 0.76875 0.82578125 0.2390625 0.3484375
0 0.86484375 0.45859375 0.1796875 0.325
0 0.315625 0.88203125 0.2859375 0.234375
2 0.54453125 0.9 0.10625 0.2
2 0.18359375 0.68125 0.0875 0.2953125
2 0.51875 0.403125 0.06875 0.215625
2 0.66484375 0.31171875 0.059375 0.2140625
2 0.42578125 0.58984375 0.0734375 0.2703125
2 0.59140625 0.49765625 0.071875 0.25625
2 0.8140625 0.20078125 0.046875 0.184375
2 0.7375 0.3453125 0.0609375 0.225
2 0.82109375 0.0671875 0.0421875 0.134375
2 0.871875 0.14140625 0.046875 0.171875
2 0.3015625 0.1890625 0.0421875 0.1640625
2 0.7078125 0.21875 0.05 0.1796875
2 0.9328125 0.01484375 0.034375 0.0296875
2 0.253125 0.75859375 0.0875 0.2078125
2 0.25390625 0.7265625 0.0859375 0.14375
2 0.7546875 0.12734375 0.04375 0.1640625
2 0.8796875 0.028125 0.0328125 0.05625
1 0.5203125 0.3203125 0.0125 0.015625
1 0.190625 0.5609375 0.015625 0.025
1 0.59140625 0.39609375 0.0140625 0.0203125
1 0.259375 0.690625 0.01875 0.021875
1 0.42890625 0.48515625 0.0140625 0.0203125
1 0.73828125 0.23515625 0.0109375 0.0140625
1 0.66328125 0.2359375 0.0140625 0.015625
1 0.73515625 0.2671875 0.0109375 0.015625
1 0.29609375 0.12578125 0.0109375 0.0140625
1 0.70859375 0.15234375 0.00859375 0.01796875
1 0.81484375 0.12578125 0.01171875 0.02109375
1 0.68671875 0.11875 0.00859375 0.015625
2 0.6859375 0.15390625 0.0328125 0.109375