0 0.7578125 0.1625 0.1046875 0.1609375
2 0.1234375 0.6390625 0.06875 0.2484375
2 0.6921875 0.85 0.084375 0.3
2 0.2578125 0.24375 0.0421875 0.15625
2 0.946875 0.5875 0.07421875 0.2671875
2 0.65390625 0.34140625 0.0546875 0.1921875
0 0.67734375 0.04765625 0.06953125 0.0953125
2 0.1625 0.17890625 0.02734375 0.1296875
2 0.8359375 0.02109375 0.01640625 0.0421875
2 0.54140625 0.1109375 0.02890625 0.1109375
2 0.8828125 0.01484375 0.0171875 0.0296875
2 0.7671875 0.953125 0.08828125 0.09375
2 0.58984375 0.1171875 0.034375 0.115625
0 0.74921875 0.009375 0.04765625 0.01875
2 0.9921875 0.096875 0.015625 0.12734375
2 0.60546875 0.09921875 0.03125 0.115625
0 0.63359375 0.0296875 0.034375 0.059375
2 0.5171875 0.04140625 0.0234375 0.0828125
2 0.55234375 0.03671875 0.0234375 0.071875
1 0.6515625 0.2703125 0.01015625 0.015625
0 0.70078125 0.08671875 0.0015625 0.015625
0 0.721875 0.10703125 0.0703125 0.12890625
0 0.97421875 0.0671875 0.05078125 0.1078125
1 0.6875 0.7359375 0.0171875 0.025