0 0.3984375 0.37421875 0.15859375 0.21796875
2 0.10234375 0.5203125 0.06484375 0.2234375
2 0.31796875 0.525 0.05859375 0.21875
2 0.44921875 0.5078125 0.06015625 0.20234375
2 0.54453125 0.48203125 0.075 0.21875
2 0.75859375 0.16953125 0.0421875 0.1546875
2 0.5484375 0.090625 0.040625 0.1234375
2 0.49453125 0.115625 0.0421875 0.1375
2 0.2296875 0.52265625 0.0640625 0.20546875
2 0.2671875 0.3609375 0.04375 0.1796875
2 0.23984375 0.296875 0.03984375 0.18203125
2 0.15859375 0.47734375 0.05546875 0.2078125
2 0.096875 0.3328125 0.03671875 0.14765625
1 0.12265625 0.31875 0.01328125 0.01796875
1 0.31328125 0.4359375 0.0140625 0.01875
1 0.44296875 0.42578125 0.0140625 0.02265625
1 0.26171875 0.290625 0.0125 0.015625