2 0.38515625 0.3296875 0.0703125 0.215625
2 0.56171875 0.3296875 0.06484375 0.215625
2 0.56171875 0.2078125 0.05078125 0.15625
2 0.44921875 0.16953125 0.04453125 0.1734375
2 0.6515625 0.12578125 0.04921875 0.178125
2 0.16796875 0.71953125 0.1 0.3125
2 0.6703125 0.2703125 0.04609375 0.2015625
2 0.5078125 0.08125 0.040625 0.14609375
2 0.68515625 0.02578125 0.0296875 0.0515625
2 0.6140625 0.02578125 0.03203125 0.0515625
2 0.5140625 0.02890625 0.03203125 0.0578125
2 0.44921875 0.03203125 0.0515625 0.0640625
0 0.97734375 0.6703125 0.0453125 0.3265625
2 0.73046875 0.0234375 0.0234375 0.046875
2 0.415625 0.0953125 0.0296875 0.16015625
1 0.3734375 0.2453125 0.015625 0.02265625
1 0.5625 0.15859375 0.01328125 0.01875
2 0.6703125 0.19453125 0.0125 0.01640625
0 0.30625 0.16796875 0.13359375 0.22265625