2 0.11484375 0.71171875 0.0796875 0.2984375
2 0.58125 0.715625 0.0796875 0.290625
2 0.35546875 0.809375 0.1 0.3296875
2 0.27578125 0.67421875 0.08125 0.2953125
2 0.390625 0.5765625 0.0734375 0.2578125
2 0.5546875 0.90546875 0.1046875 0.1890625
2 0.55546875 0.50625 0.065625 0.25
2 0.20234375 0.73203125 0.0765625 0.3046875
2 0.6875 0.14609375 0.046875 0.1796875
2 0.50625 0.37734375 0.0578125 0.2140625
2 0.3015625 0.928125 0.0984375 0.14375
2 0.54609375 0.11171875 0.05 0.171875
2 0.52578125 0.24765625 0.0546875 0.190625
0 0.3015625 0.1640625 0.134375 0.21875
2 0.7203125 0.07734375 0.0453125 0.1546875
2 0.596875 0.07734375 0.0453125 0.1546875
0 0.45390625 0.02578125 0.0953125 0.0515625
0 0.96875 0.3625 0.0609375 0.421875
1 0.5546875 0.41640625 0.01484375 0.02734375
1 0.30078125 0.90390625 0.0234375 0.0359375
1 0.3859375 0.47890625 0.01484375 0.0296875
1 0.10703125 0.6109375 0.015625 0.02734375
1 0.275 0.56484375 0.01875 0.0296875
1 0.57734375 0.60703125 0.02109375 0.03359375
1 0.50390625 0.296875 0.01484375 0.02109375
1 0.525 0.1890625 0.01171875 0.01796875
1 0.5453125 0.05 0.0109375 0.0203125