2 0.36015625 0.90703125 0.0890625 0.1859375
2 0.3046875 0.58203125 0.075 0.2625
2 0.60703125 0.06328125 0.040625 0.1265625
2 0.62421875 0.303125 0.059375 0.228125
0 0.30078125 0.16328125 0.13125 0.21953125
2 0.7015625 0.0921875 0.04375 0.1640625
2 0.96328125 0.075 0.0453125 0.15
0 0.45390625 0.0234375 0.09140625 0.046875
2 0.64296875 0.02421875 0.02578125 0.0484375
2 0.49140625 0.25 0.0484375 0.18984375
2 0.984375 0.0359375 0.0296875 0.071875
2 0.4859375 0.1625 0.0375 0.11640625
2 0.15703125 0.96015625 0.06328125 0.0796875
1 0.70234375 0.03046875 0.0109375 0.01328125
1 0.35703125 0.85546875 0.021875 0.034375