0 0.9203125 0.209375 0.1421875 0.2390625
0 0.80859375 0.628125 0.2078125 0.3546875
2 0.62421875 0.915625 0.0921875 0.16875
2 0.55234375 0.809375 0.0890625 0.334375
2 0.56796875 0.6296875 0.0765625 0.2203125
2 0.3875 0.7125 0.09375 0.321875
2 0.66875 0.46796875 0.075 0.234375
2 0.55390625 0.43359375 0.0703125 0.23125
2 0.77578125 0.25 0.0546875 0.178125
2 0.51875 0.065625 0.0375 0.13125
2 0.6921875 0.3671875 0.065625 0.2078125
2 0.6703125 0.27421875 0.0609375 0.1890625
2 0.934375 0.02421875 0.034375 0.0484375
2 0.76640625 0.16875 0.0515625 0.1265625
1 0.62734375 0.86484375 0.0203125 0.0296875
1 0.571875 0.546875 0.015625 0.021875
1 0.5515625 0.678125 0.01875 0.025
1 0.765625 0.1234375 0.0125 0.015625
1 0.5546875 0.34921875 0.0125 0.02109375
1 0.67109375 0.36796875 0.0140625 0.0203125
1 0.6875 0.290625 0.01171875 0.015625
1 0.77578125 0.1734375 0.0125 0.02265625
1 0.67578125 0.134375 0.01015625 0.0140625
2 0.68125 0.18984375 0.04609375 0.153125
1 0.3765625 0.65625 0.0140625 0.0203125