2 0.55078125 0.4015625 0.0578125 0.21875
2 0.56953125 0.6234375 0.06640625 0.265625
2 0.3984375 0.8453125 0.090625 0.30625
2 0.66328125 0.34296875 0.05625 0.2109375
2 0.30546875 0.30625 0.0515625 0.184375
2 0.37734375 0.1609375 0.0484375 0.16328125
2 0.41953125 0.08671875 0.040625 0.14765625
2 0.8578125 0.0515625 0.0375 0.1
2 0.74765625 0.10625 0.03125 0.15
1 0.40234375 0.7296875 0.01875 0.03359375
1 0.56875 0.521875 0.01484375 0.028125
2 0.6546875 0.26640625 0.05234375 0.1859375
1 0.653125 0.1953125 0.0125 0.0234375
1 0.54921875 0.31328125 0.01328125 0.02734375
1 0.3046875 0.23828125 0.01328125 0.02109375
1 0.66484375 0.26484375 0.01171875 0.0203125