2 0.525 0.82421875 0.0765625 0.315625
2 0.50390625 0.49453125 0.06640625 0.246875
2 0.69296875 0.50859375 0.059375 0.25390625
2 0.659375 0.41015625 0.05546875 0.2359375
2 0.27734375 0.375 0.04921875 0.1953125
2 0.39140625 0.19921875 0.0484375 0.171875
2 0.3046875 0.23125 0.04375 0.1671875
2 0.72109375 0.184375 0.0421875 0.16875
2 0.86796875 0.121875 0.0375 0.16796875
2 0.2484375 0.2984375 0.053125 0.19296875
2 0.92421875 0.0203125 0.02578125 0.040625
1 0.521875 0.7015625 0.0171875 0.02734375
1 0.30546875 0.16796875 0.01015625 0.0125
1 0.65859375 0.33125 0.0125 0.0234375
1 0.7234375 0.11875 0.01015625 0.01640625
1 0.27734375 0.30234375 0.01171875 0.0203125
2 0.38984375 0.13671875 0.0453125 0.1328125