0 0.75078125 0.8203125 0.234375 0.359375
0 0.90859375 0.3078125 0.1421875 0.240625
2 0.36640625 0.89453125 0.1 0.2109375
0 0.915625 0.1296875 0.1296875 0.1984375
2 0.16640625 0.40234375 0.059375 0.215625
2 0.72265625 0.29765625 0.059375 0.2265625
2 0.41171875 0.60546875 0.071875 0.271875
2 0.5984375 0.3890625 0.0640625 0.240625
2 0.31875 0.21171875 0.0484375 0.1640625
2 0.1203125 0.54453125 0.0796875 0.2546875
2 0.459375 0.103125 0.0390625 0.14375
2 0.76015625 0.13359375 0.0421875 0.1453125
0 0.97421875 0.04296875 0.0515625 0.0859375
2 0.528125 0.0546875 0.0375 0.109375
1 0.165625 0.31875 0.0125 0.015625
1 0.1171875 0.45078125 0.015625 0.0203125
1 0.4125 0.49453125 0.01875 0.0234375
1 0.31875 0.146875 0.009375 0.0125
1 0.59609375 0.30078125 0.0125 0.02265625
1 0.7234375 0.2140625 0.0140625 0.02734375
2 0.346875 0.109375 0.03671875 0.14296875
2 0.45625 0.0515625 0.01015625 0.01640625