2 0.3625 0.5125 0.0734375 0.278125
2 0.44140625 0.271875 0.059375 0.2
2 0.55234375 0.70859375 0.0890625 0.3328125
2 0.484375 0.10859375 0.046875 0.1640625
2 0.6703125 0.6140625 0.0890625 0.3015625
2 0.625 0.0546875 0.0421875 0.1078125
2 0.41171875 0.596875 0.071875 0.2828125
0 0.3015625 0.16484375 0.1328125 0.2234375
2 0.93671875 0.10703125 0.0484375 0.1765625
2 0.6953125 0.025 0.04375 0.05
0 0.45546875 0.021875 0.096875 0.04375
0 0.98359375 0.07421875 0.0328125 0.146875
2 0.9609375 0.16171875 0.04375 0.1578125
1 0.66171875 0.50078125 0.02109375 0.03203125
1 0.440625 0.19375 0.0140625 0.0203125
1 0.3671875 0.415625 0.015625 0.025
1 0.5484375 0.59921875 0.01875 0.02890625