0 0.71796875 0.3390625 0.1375 0.234375
2 0.2515625 0.7546875 0.0859375 0.3109375
0 0.40234375 0.0765625 0.109375 0.153125
2 0.02890625 0.69375 0.0578125 0.284375
2 0.55859375 0.49765625 0.071875 0.25
2 0.65078125 0.10390625 0.0453125 0.159375
2 0.48515625 0.340625 0.05625 0.215625
2 0.5328125 0.1046875 0.0453125 0.159375
2 0.17421875 0.51796875 0.071875 0.2609375
2 0.378125 0.31171875 0.0625 0.2046875
2 0.503125 0.17734375 0.04375 0.1734375
0 0.95859375 0.03984375 0.0828125 0.0796875
2 0.39140625 0.21328125 0.04375 0.13125
0 0.47109375 0.02109375 0.0625 0.0421875
2 0.6546875 0.00625 0.0375 0.0125
0 0.3 0.16953125 0.1265625 0.228125
1 0.17265625 0.41953125 0.0140625 0.0203125
1 0.3765625 0.228125 0.015625 0.01875
1 0.0125 0.590625 0.015625 0.01875
1 0.4859375 0.2609375 0.0140625 0.01875
1 0.25078125 0.6359375 0.01796875 0.02421875
1 0.64921875 0.0484375 0.0125 0.015625
1 0.53125 0.05234375 0.0078125 0.01328125
1 0.50390625 0.1171875 0.0125 0.01328125