2 0.12578125 0.7078125 0.0765625 0.284375
0 0.94140625 0.12890625 0.115625 0.18125
2 0.40703125 0.7515625 0.090625 0.31875
2 0.33671875 0.89921875 0.0984375 0.2015625
2 0.67109375 0.3703125 0.0671875 0.2078125
2 0.49609375 0.928125 0.1015625 0.14375
2 0.15390625 0.48671875 0.0703125 0.2390625
2 0.68125 0.24296875 0.046875 0.16875
2 0.37265625 0.21171875 0.046875 0.175
2 0.75078125 0.1265625 0.0453125 0.1390625
2 0.453125 0.09375 0.040625 0.1453125
2 0.0203125 0.7078125 0.040625 0.26875
0 0.9765625 0.02734375 0.046875 0.0546875
2 0.01796875 0.559375 0.0359375 0.140625
2 0.47890625 0.03203125 0.028125 0.0640625
1 0.503125 0.9 0.021875 0.028125
1 0.1296875 0.5921875 0.01875 0.025
1 0.340625 0.86328125 0.01875 0.0234375
1 0.678125 0.1796875 0.0125 0.015625
1 0.37265625 0.14375 0.0109375 0.015625
1 0.40546875 0.63671875 0.0171875 0.0234375
1 0.15234375 0.40703125 0.0140625 0.0203125
1 0.4546875 0.04296875 0.009375 0.0109375
1 0.00546875 0.5921875 0.0109375 0.028125
1 0.75078125 0.06640625 0.009375 0.015625