0 0.940625 0.1796875 0.11875 0.2171875
2 0.378125 0.7484375 0.0828125 0.2984375
2 0.6046875 0.328125 0.05390625 0.209375
2 0.29765625 0.27734375 0.05390625 0.1875
2 0.459375 0.08359375 0.03515625 0.14375
2 0.37265625 0.1421875 0.0421875 0.1578125
2 0.3375 0.215625 0.05 0.17578125
2 0.89921875 0.02265625 0.0328125 0.0453125
0 0.95546875 0.0546875 0.0890625 0.09609375
1 0.60625 0.24609375 0.01171875 0.01953125
1 0.36953125 0.08359375 0.00859375 0.0171875
1 0.29375 0.2125 0.0109375 0.01796875
2 0.47890625 0.04921875 0.02265625 0.0984375
2 0.86328125 0.0328125 0.03359375 0.06484375
1 0.378125 0.6296875 0.0171875 0.0234375