0 0.7796875 0.8390625 0.2484375 0.31953125
0 0.93828125 0.18125 0.1234375 0.20546875
0 0.82890625 0.4125 0.16171875 0.265625
2 0.44140625 0.209375 0.046875 0.17109375
2 0.475 0.653125 0.07734375 0.3046875
2 0.58671875 0.42578125 0.075 0.240625
2 0.04140625 0.76484375 0.0828125 0.3
2 0.3921875 0.34765625 0.05625 0.2015625
2 0.29453125 0.378125 0.0640625 0.2140625
2 0.7015625 0.30625 0.0515625 0.2140625
2 0.3296875 0.2109375 0.04609375 0.16953125
2 0.7390625 0.2046875 0.04765625 0.17109375
2 0.1171875 0.584375 0.08125 0.2578125
2 0.6578125 0.24609375 0.053125 0.1828125
2 0.47265625 0.1140625 0.0390625 0.14609375
2 0.50625 0.05390625 0.0375 0.1078125
2 0.77734375 0.1265625 0.0484375 0.1734375
2 0.82265625 0.0609375 0.04375 0.121875
2 0.884375 0.02890625 0.0359375 0.0578125
2 0.1890625 0.3875 0.06875 0.20078125
0 0.9671875 0.03984375 0.065625 0.0796875
1 0.46953125 0.54140625 0.0171875 0.02265625
1 0.10859375 0.49296875 0.01484375 0.0234375
1 0.18203125 0.30234375 0.0109375 0.0171875
1 0.0390625 0.6484375 0.015625 0.0296875
1 0.390625 0.27265625 0.01484375 0.021875
1 0.5875 0.33515625 0.0125 0.01953125
1 0.65390625 0.18125 0.0125 0.01796875
1 0.69921875 0.228125 0.01328125 0.01875
1 0.2875 0.2953125 0.0140625 0.0234375
1 0.44296875 0.14609375 0.01328125 0.01953125