2 0.65546875 0.85625 0.09375 0.2875
2 0.51015625 0.6796875 0.078125 0.3015625
2 0.7640625 0.2453125 0.05625 0.2109375
2 0.82265625 0.3453125 0.0640625 0.246875
2 0.58046875 0.47265625 0.0703125 0.2484375
2 0.81484375 0.10390625 0.0484375 0.16875
2 0.37265625 0.178125 0.0453125 0.1765625
2 0.71015625 0.17265625 0.04375 0.1703125
2 0.1953125 0.39609375 0.0640625 0.228125
2 0.71953125 0.6109375 0.0890625 0.3
2 0.68046875 0.39609375 0.0640625 0.2390625
2 0.88828125 0.13515625 0.04375 0.1671875
2 0.64296875 0.31796875 0.05 0.2015625
2 0.9046875 0.0140625 0.0296875 0.028125
2 0.86640625 0.0234375 0.0296875 0.046875
2 0.090625 0.3984375 0.0484375 0.2015625
1 0.82890625 0.24609375 0.01328125 0.0203125
1 0.71484375 0.50859375 0.0171875 0.02578125
1 0.765625 0.16640625 0.01171875 0.01875
1 0.6546875 0.7734375 0.0203125 0.03359375
1 0.51015625 0.5640625 0.0171875 0.02890625
1 0.68046875 0.30390625 0.015625 0.02578125
1 0.63984375 0.24140625 0.0140625 0.0203125
1 0.37421875 0.11015625 0.0109375 0.01875
1 0.5796875 0.3828125 0.0125 0.02265625
1 0.19375 0.31328125 0.01484375 0.01796875