2 0.54609375 0.89453125 0.08828125 0.2109375
2 0.459375 0.578125 0.07109375 0.2703125
0 0.96953125 0.25 0.0609375 0.2203125
2 0.51484375 0.3875 0.05 0.2203125
2 0.59375 0.12734375 0.04453125 0.159375
2 0.6984375 0.1671875 0.04375 0.16796875
2 0.5828125 0.25390625 0.0484375 0.1953125
2 0.4921875 0.24140625 0.046875 0.2
2 0.40859375 0.2640625 0.05234375 0.1859375
2 0.65 0.21953125 0.04765625 0.19609375
2 0.5015625 0.1171875 0.03984375 0.134375
2 0.590625 0.0203125 0.0265625 0.040625
2 0.3984375 0.1921875 0.040625 0.13671875
0 0.30078125 0.16640625 0.1296875 0.21484375
1 0.5796875 0.18125 0.0125 0.01875
1 0.5921875 0.0703125 0.0109375 0.015625
1 0.51171875 0.2984375 0.0125 0.02578125
0 0.99140625 0.45234375 0.0171875 0.1734375
1 0.65078125 0.1453125 0.0109375 0.01796875