0 0.371875 0.234375 0.2 0.3734375
2 0.26796875 0.890625 0.0921875 0.2171875
2 0.75625 0.565625 0.0734375 0.3015625
2 0.67421875 0.41796875 0.0734375 0.278125
2 0.76875 0.19765625 0.053125 0.1859375
2 0.73203125 0.17109375 0.0421875 0.1734375
0 0.98046875 0.05 0.0390625 0.1
2 0.91015625 0.1 0.0453125 0.1765625
2 0.8265625 0.14140625 0.0515625 0.171875
2 0.9375 0.021875 0.034375 0.04375
2 0.3171875 0.03515625 0.0609375 0.0703125
1 0.7546875 0.46328125 0.0171875 0.0203125
1 0.26171875 0.82109375 0.021875 0.0296875
1 0.76875 0.13515625 0.01171875 0.0140625