0 0.71015625 0.134375 0.1234375 0.2046875
2 0.409375 0.865625 0.0921875 0.2671875
2 0.521875 0.1296875 0.0484375 0.1640625
2 0.25 0.5640625 0.0828125 0.271875
2 0.2203125 0.81171875 0.0984375 0.3046875
2 0.5140625 0.47734375 0.071875 0.2625
2 0.07265625 0.78359375 0.0875 0.265625
2 0.63359375 0.078125 0.0421875 0.1453125
2 0.56640625 0.921875 0.1046875 0.15625
2 0.55234375 0.04375 0.0421875 0.0875
2 0.62890625 0.028125 0.0375 0.05625
0 0.3046875 0.1625 0.1421875 0.2203125
2 0.665625 0.96875 0.10625 0.0625
1 0.51328125 0.37890625 0.015625 0.02578125
1 0.5171875 0.0671875 0.009375 0.0125
2 0.50078125 0.10078125 0.0390625 0.146875
0 0.475 0.02109375 0.046875 0.0421875