2 0.2921875 0.49296875 0.05625 0.2078125
2 0.61796875 0.77734375 0.13828125 0.28671875
1 0.2890625 0.4125 0.0125 0.01640625
2 0.12734375 0.8375 0.20390625 0.275
2 0.65625 0.5359375 0.090625 0.190625
2 0.9109375 0.48125 0.1171875 0.19609375
2 0.75234375 0.1765625 0.028125 0.0765625
0 0.94765625 0.2203125 0.1046875 0.178125
2 0.071875 0.29296875 0.0375 0.11796875
2 0.053125 0.2015625 0.03125 0.07578125
2 0.68125 0.615625 0.10859375 0.2203125
0 0.5109375 0.10859375 0.0484375 0.04453125
0 0.44609375 0.0953125 0.05390625 0.0421875