0 0.69765625 0.334375 0.1453125 0.225
0 0.56328125 0.11953125 0.115625 0.1796875
0 0.74765625 0.06328125 0.10078125 0.1265625
0 0.68046875 0.746875 0.2296875 0.4203125
0 0.29921875 0.16484375 0.13046875 0.21796875
2 0.30859375 0.82890625 0.090625 0.34140625
2 0.34609375 0.38671875 0.05234375 0.2125
0 0.39921875 0.071875 0.1078125 0.14375
0 0.68046875 0.496875 0.17109375 0.215625
2 0.65859375 0.1421875 0.04921875 0.1703125
2 0.475 0.34375 0.053125 0.1984375
2 0.98046875 0.10546875 0.0390625 0.1703125
2 0.43203125 0.2125 0.053125 0.1796875
2 0.47421875 0.11640625 0.0390625 0.1578125
2 0.6296875 0.025 0.03671875 0.05
2 0.17734375 0.93125 0.07421875 0.1375
2 0.92734375 0.02109375 0.0328125 0.0421875
0 0.47421875 0.02109375 0.0515625 0.0421875
1 0.30859375 0.69296875 0.01796875 0.0328125
2 0.98984375 0.0234375 0.0203125 0.046875