0 0.39765625 0.3734375 0.15625 0.21171875
2 0.30625 0.2546875 0.04453125 0.159375
2 0.20078125 0.315625 0.04921875 0.18125
2 0.44765625 0.50546875 0.06015625 0.196875
2 0.103125 0.5203125 0.06015625 0.21953125
2 0.3609375 0.47265625 0.0640625 0.2328125
2 0.54296875 0.48125 0.078125 0.2140625
2 0.23125 0.2421875 0.0375 0.178125
2 0.31640625 0.52421875 0.06015625 0.225
2 0.06328125 0.1609375 0.0453125 0.15
2 0.03671875 0.32109375 0.040625 0.1546875
2 0.234375 0.15 0.03515625 0.0796875
0 0.03984375 0.028125 0.0703125 0.05625
2 0.396875 0.23671875 0.040625 0.06875
2 0.26953125 0.3734375 0.046875 0.1640625
2 0.1578125 0.47578125 0.0546875 0.21328125
2 0.225 0.5203125 0.0546875 0.2125
1 0.35390625 0.40703125 0.01328125 0.02109375
1 0.446875 0.428125 0.01328125 0.02265625
1 0.35234375 0.37578125 0.0140625 0.0171875
1 0.1578125 0.38984375 0.01328125 0.0234375