0 0.94609375 0.20546875 0.1078125 0.1421875
2 0.19140625 0.78828125 0.0671875 0.271875
2 0.571875 0.57109375 0.0640625 0.2328125
2 0.846875 0.72421875 0.0734375 0.3015625
2 0.72109375 0.671875 0.06875 0.2703125
2 0.65 0.32109375 0.0453125 0.178125
2 0.22421875 0.171875 0.040625 0.1234375
2 0.56875 0.35390625 0.0484375 0.18125
2 0.5375 0.26171875 0.040625 0.1453125
2 0.82421875 0.08828125 0.0265625 0.0875
2 0.28125 0.01875 0.025 0.0375
2 0.60703125 0.08125 0.025 0.0921875
2 0.93359375 0.1046875 0.021875 0.05625
2 0.60859375 0.23828125 0.0421875 0.1421875
2 0.58203125 0.10234375 0.028125 0.090625
2 0.51796875 0.0953125 0.025 0.0953125
2 0.7234375 0.01875 0.021875 0.0375
2 0.75078125 0.0171875 0.01875 0.034375
2 0.54140625 0.09609375 0.021875 0.08125
2 0.5765625 0.10078125 0.03125 0.0921875
1 0.1875 0.684375 0.01875 0.025
1 0.56953125 0.48046875 0.0140625 0.0171875
1 0.56328125 0.28515625 0.0109375 0.0140625
1 0.646875 0.25390625 0.0109375 0.0140625
1 0.84140625 0.61171875 0.01484375 0.025
1 0.71640625 0.571875 0.015625 0.021875
1 0.53671875 0.21015625 0.009375 0.0140625
1 0.6078125 0.1859375 0.009375 0.01328125
1 0.225 0.12890625 0.009375 0.01171875
2 0.803125 0.0328125 0.01875 0.065625