0 0.4546875 0.1296875 0.1234375 0.12890625
2 0.02265625 0.56328125 0.0453125 0.20546875
2 0.3015625 0.47578125 0.0609375 0.21328125
2 0.403125 0.440625 0.06015625 0.20078125
2 0.6140625 0.1625 0.0453125 0.14140625
2 0.16875 0.34140625 0.046875 0.13671875
2 0.31484375 0.228125 0.0390625 0.15546875
2 0.18984375 0.5359375 0.05390625 0.209375
2 0.60859375 0.6109375 0.07109375 0.2359375
2 0.6703125 0.146875 0.04140625 0.1390625
2 0.634375 0.5203125 0.05625 0.20234375
2 0.575 0.0578125 0.034375 0.1109375
2 0.91953125 0.39140625 0.03515625 0.1609375
2 0.0265625 0.01796875 0.03125 0.0359375
2 0.81015625 0.1921875 0.0515625 0.1453125
2 0.159375 0.4578125 0.0609375 0.18359375
1 0.296875 0.39453125 0.01328125 0.0203125
1 0.403125 0.36171875 0.0125 0.0203125
1 0.1625 0.29375 0.01171875 0.01796875