2 0.97109375 0.778125 0.0578125 0.315625
2 0.6109375 0.2796875 0.04609375 0.1625
2 0.6484375 0.50625 0.06015625 0.2265625
2 0.54453125 0.371875 0.0484375 0.215625
2 0.66953125 0.37109375 0.046875 0.190625
2 0.62109375 0.16171875 0.03125 0.128125
0 0.7546875 0.03984375 0.059375 0.0796875
2 0.5578125 0.128125 0.028125 0.1046875
2 0.50546875 0.1578125 0.03125 0.11796875
2 0.96015625 0.07109375 0.0265625 0.1
2 0.54296875 0.01796875 0.015625 0.0359375
2 0.52109375 0.0265625 0.015625 0.053125
0 0.8875 0.13828125 0.0265625 0.065625
2 0.9203125 0.071875 0.025 0.1015625
1 0.97734375 0.65703125 0.0171875 0.02578125
1 0.5453125 0.3078125 0.0109375 0.01484375
1 0.66875 0.296875 0.0125 0.01875
2 0.5078125 0.01796875 0.0125 0.0359375
0 0.859375 0.11328125 0.08359375 0.1109375
1 0.64765625 0.4234375 0.0109375 0.01796875