0 0.42734375 0.446875 0.17578125 0.2375
0 0.1875 0.1421875 0.109375 0.1703125
2 0.78203125 0.2328125 0.040625 0.15
2 0.03984375 0.4375 0.053125 0.20078125
2 0.67578125 0.1828125 0.0375 0.1390625
2 0.57265625 0.48046875 0.06875 0.2125
2 0.20625 0.30390625 0.04609375 0.16875
2 0.13359375 0.5703125 0.0578125 0.22421875
2 0.30390625 0.51953125 0.07421875 0.20234375
2 0.01171875 0.58125 0.0234375 0.21328125
2 0.05625 0.12578125 0.04375 0.1328125
2 0.1546875 0.3234375 0.05 0.1828125
2 0.5015625 0.41640625 0.05 0.184375
2 0.49765625 0.0625 0.040625 0.1234375
2 0.24140625 0.52734375 0.05703125 0.20859375
2 0.26015625 0.42265625 0.0484375 0.1953125
2 0.05859375 0.05703125 0.04375 0.1140625
2 0.36953125 0.0140625 0.03125 0.028125
2 0.321875 0.42734375 0.03828125 0.1640625
2 0.1546875 0.39765625 0.05234375 0.14140625
2 0.01328125 0.0484375 0.0265625 0.096875
2 0.0390625 0.28671875 0.04296875 0.134375
1 0.203125 0.24140625 0.01328125 0.01875
1 0.25390625 0.34765625 0.01171875 0.01640625
1 0.303125 0.4359375 0.01171875 0.01796875