0 0.41015625 0.08125 0.1 0.1625
2 0.6453125 0.5109375 0.0734375 0.2765625
0 0.9640625 0.184375 0.071875 0.2046875
2 0.515625 0.3125 0.0625 0.228125
2 0.21484375 0.6203125 0.0796875 0.2703125
2 0.33515625 0.3046875 0.05 0.196875
2 0.57109375 0.065625 0.040625 0.13125
2 0.5390625 0.053125 0.0390625 0.10625
0 0.46640625 0.02265625 0.0703125 0.0453125
0 0.30390625 0.165625 0.1375 0.2265625
0 0.984375 0.63203125 0.03125 0.3765625
1 0.64453125 0.40859375 0.01875 0.0265625
1 0.215625 0.5171875 0.01875 0.02890625
1 0.51640625 0.24765625 0.01328125 0.02265625