2 0.128125 0.7734375 0.0875 0.2859375
2 0.603125 0.66875 0.0875 0.2859375
2 0.36171875 0.33828125 0.059375 0.215625
2 0.36796875 0.76640625 0.103125 0.2890625
2 0.1890625 0.3265625 0.0546875 0.1984375
2 0.53828125 0.46796875 0.06875 0.2421875
2 0.0703125 0.50625 0.0796875 0.2421875
2 0.73125 0.16875 0.04375 0.1703125
2 0.3875 0.14140625 0.0421875 0.1515625
2 0.2328125 0.425 0.06875 0.2078125
2 0.215625 0.56484375 0.071875 0.259375
2 0.371875 0.92734375 0.0921875 0.14375
2 0.47421875 0.084375 0.0359375 0.1390625
2 0.21875 0.20625 0.0421875 0.16875
1 0.2296875 0.359375 0.0125 0.015625
1 0.36171875 0.66171875 0.0203125 0.025
1 0.3703125 0.88203125 0.01875 0.0296875
1 0.60546875 0.5546875 0.0171875 0.021875
1 0.3625 0.25625 0.0125 0.015625
1 0.1234375 0.66640625 0.01875 0.0234375
1 0.2140625 0.46640625 0.0140625 0.02265625