0 0.4078125 0.2578125 0.1265625 0.2
0 0.86640625 0.40625 0.15859375 0.265625
2 0.1296875 0.8578125 0.0828125 0.2828125
2 0.4328125 0.65 0.06875 0.275
2 0.26875 0.253125 0.046875 0.178125
2 0.1953125 0.434375 0.0640625 0.2234375
2 0.09609375 0.55078125 0.0671875 0.2515625
2 0.36015625 0.16328125 0.0390625 0.159375
2 0.4703125 0.05078125 0.034375 0.1015625
2 0.71328125 0.1671875 0.0421875 0.165625
0 0.978125 0.03671875 0.04375 0.0734375
2 0.87890625 0.0484375 0.040625 0.096875
2 0.78359375 0.17109375 0.03359375 0.15
2 0.75234375 0.2046875 0.0453125 0.17578125
2 0.79296875 0.04765625 0.0375 0.0953125
1 0.12890625 0.75703125 0.028125 0.03671875
1 0.19140625 0.35546875 0.015625 0.025
1 0.0921875 0.45234375 0.01796875 0.028125
2 0.7953125 0.115625 0.04609375 0.10859375
2 0.9140625 0.03046875 0.0328125 0.0609375
2 0.54140625 0.03046875 0.02265625 0.0609375