0 0.209375 0.43515625 0.1578125 0.203125
0 0.2484375 0.23515625 0.1265625 0.175
2 0.50703125 0.4859375 0.05703125 0.20703125
0 0.1265625 0.28359375 0.1390625 0.21875
0 0.35390625 0.378125 0.18125 0.2625
2 0.53359375 0.06484375 0.0359375 0.1203125
2 0.30859375 0.6078125 0.0609375 0.2125
2 0.15078125 0.54609375 0.05625 0.2078125
2 0.6015625 0.48828125 0.075 0.215625
2 0.04453125 0.546875 0.059375 0.20390625
2 0.08515625 0.50625 0.0515625 0.20390625
2 0.04765625 0.4125 0.046875 0.1609375
2 0.00625 0.4078125 0.0125 0.121875
1 0.04375 0.3515625 0.0125 0.015625
1 0.0421875 0.4640625 0.0125 0.015625
2 0.503125 0.365625 0.0546875 0.1625
1 0.5046875 0.4078125 0.0125 0.01953125
2 0.55625 0.4265625 0.04609375 0.1921875
2 0.4578125 0.3359375 0.040625 0.184375
1 0.13515625 0.465625 0.01328125 0.01796875