2 0.07578125 0.84609375 0.08125 0.140625
2 0.71640625 0.5640625 0.06171875 0.2421875
2 0.5640625 0.35546875 0.05 0.17265625
2 0.54921875 0.74453125 0.06640625 0.2734375
2 0.72578125 0.234375 0.0421875 0.1515625
2 0.65234375 0.12578125 0.03125 0.1046875
2 0.571875 0.20078125 0.03828125 0.140625
2 0.0765625 0.8875 0.0828125 0.221875
2 0.58828125 0.1453125 0.028125 0.1015625
2 0.9875 0.153125 0.025 0.1296875
2 0.53359375 0.053125 0.0203125 0.06875
2 0.97578125 0.09296875 0.0296875 0.096875
2 0.52421875 0.1515625 0.0328125 0.109375
2 0.93203125 0.0703125 0.025 0.0953125
2 0.30703125 0.00625 0.015625 0.0125
2 0.55390625 0.0265625 0.015625 0.053125
1 0.71640625 0.4734375 0.01328125 0.01796875
2 0.21640625 0.021875 0.0328125 0.04375
2 0.8546875 0.11484375 0.08828125 0.1140625
2 0.70625 0.0265625 0.0453125 0.053125