2 0.4984375 0.6953125 0.07421875 0.303125
2 0.68984375 0.2421875 0.0484375 0.1875
2 0.3203125 0.29140625 0.053125 0.1875
2 0.5328125 0.47890625 0.0703125 0.25
2 0.1625 0.3828125 0.0484375 0.2
2 0.40859375 0.9578125 0.08125 0.084375
2 0.91796875 0.1015625 0.046875 0.1734375
2 0.828125 0.1140625 0.040625 0.15625
2 0.865625 0.04765625 0.0359375 0.0953125
2 0.5234375 0.01640625 0.0171875 0.0328125
1 0.503125 0.58125 0.01640625 0.02421875
1 0.52890625 0.384375 0.01484375 0.02421875
1 0.31953125 0.221875 0.0109375 0.01953125
1 0.1609375 0.3109375 0.01015625 0.01484375
1 0.40625 0.95859375 0.02109375 0.034375
1 0.68671875 0.17265625 0.0109375 0.01875