0 0.29765625 0.31953125 0.134375 0.2140625
2 0.10625 0.8984375 0.0828125 0.20234375
2 0.646875 0.6046875 0.0703125 0.2625
0 0.65703125 0.0484375 0.06640625 0.0875
0 0.96015625 0.15546875 0.0796875 0.14609375
2 0.65703125 0.3875 0.04921875 0.203125
2 0.565625 0.0609375 0.0296875 0.1
2 0.64609375 0.24296875 0.0453125 0.1625
2 0.56875 0.2515625 0.04375 0.159375
2 0.60390625 0.071875 0.0296875 0.103125
2 0.2390625 0.02109375 0.0234375 0.0421875
2 0.5859375 0.11953125 0.0359375 0.121875
2 0.546875 0.2109375 0.04296875 0.1515625
2 0.76875 0.0078125 0.0171875 0.015625
1 0.10546875 0.83203125 0.0171875 0.0234375
1 0.6453125 0.18203125 0.0109375 0.01640625
1 0.65625 0.30859375 0.0140625 0.01875
1 0.54453125 0.15546875 0.0109375 0.015625