2 0.5125 0.4578125 0.0796875 0.2515625
2 0.2859375 0.29140625 0.0625 0.1953125
2 0.69375 0.3 0.0546875 0.2109375
2 0.6828125 0.74453125 0.09375 0.3390625
2 0.60234375 0.6765625 0.0859375 0.303125
2 0.47734375 0.05078125 0.03125 0.0984375
2 0.80859375 0.13359375 0.0421875 0.1390625
2 0.81953125 0.05234375 0.0421875 0.1046875
0 0.98828125 0.03125 0.0234375 0.0625
2 0.9609375 0.01171875 0.0328125 0.0234375
2 0.91328125 0.0203125 0.028125 0.040625
1 0.68203125 0.62421875 0.0171875 0.0328125
2 0.8984375 0.03515625 0.025 0.0703125
1 0.5140625 0.36796875 0.0125 0.01875