0 0.54921875 0.14140625 0.1234375 0.1390625
2 0.2828125 0.52265625 0.0578125 0.20859375
2 0.56171875 0.48046875 0.05859375 0.2125
2 0.475 0.49296875 0.0671875 0.21953125
2 0.37265625 0.51015625 0.078125 0.2109375
2 0.6234375 0.10390625 0.0421875 0.1296875
2 0.10703125 0.5359375 0.0703125 0.21796875
2 0.390625 0.4203125 0.05078125 0.18671875
2 0.0359375 0.51875 0.0578125 0.20625
2 0.321875 0.44140625 0.0453125 0.1890625
2 0.2015625 0.53984375 0.0546875 0.20625
2 0.259375 0.4484375 0.0515625 0.18828125
1 0.38984375 0.34453125 0.0125 0.01953125
2 0.046875 0.459375 0.05390625 0.1875
1 0.25390625 0.38203125 0.01171875 0.01875
1 0.5609375 0.4 0.0125 0.01953125
2 0.5234375 0.4265625 0.04140625 0.19140625