0 0.6765625 0.3625 0.146875 0.40703125
2 0.37890625 0.8328125 0.0921875 0.3234375
2 0.54375 0.35859375 0.0546875 0.215625
2 0.4796875 0.3125 0.05625 0.203125
0 0.94375 0.29140625 0.1125 0.2515625
2 0.128125 0.515625 0.0734375 0.2578125
0 0.30078125 0.16953125 0.13125 0.2296875
2 0.5703125 0.1296875 0.0515625 0.16875
2 0.6125 0.19765625 0.046875 0.19375
2 0.6859375 0.09140625 0.0453125 0.15
2 0.47578125 0.16875 0.0421875 0.1546875
2 0.403125 0.1875 0.046875 0.178125
2 0.4328125 0.2484375 0.05625 0.196875
2 0.44453125 0.1046875 0.0453125 0.128125
2 0.6203125 0.04296875 0.0390625 0.0859375
0 0.45390625 0.02421875 0.09375 0.0484375
2 0.57890625 0.02734375 0.0390625 0.0546875
0 0.28359375 0.53203125 0.23359375 0.50859375
0 0.9484375 0.128125 0.103125 0.14375
1 0.3765625 0.70703125 0.01875 0.0328125
1 0.1265625 0.41328125 0.015625 0.0265625
1 0.4796875 0.23515625 0.01171875 0.0203125
1 0.54296875 0.2796875 0.0140625 0.02109375
1 0.4296875 0.17734375 0.01171875 0.0203125
1 0.6140625 0.1296875 0.01171875 0.021875
2 0.67578125 0.0359375 0.03203125 0.071875