2 0.07421875 0.71640625 0.1484375 0.2921875
2 0.409375 0.715625 0.1390625 0.3015625
2 0.55625 0.19765625 0.065625 0.18828125
2 0.78046875 0.2234375 0.06015625 0.19765625
0 0.8515625 0.109375 0.18125 0.2171875
2 0.69765625 0.22265625 0.05859375 0.20390625
2 0.64140625 0.203125 0.05703125 0.1890625
2 0.63359375 0.10078125 0.05390625 0.184375
2 0.5859375 0.125 0.03984375 0.153125
1 0.6453125 0.03125 0.0109375 0.015625
1 0.790625 0.1484375 0.0125 0.01953125
1 0.665625 0.07421875 0.0109375 0.015625
1 0.56328125 0.12578125 0.0125 0.01796875