2 0.68671875 0.33984375 0.0484375 0.184375
0 0.2328125 0.5671875 0.203125 0.5140625
2 0.70703125 0.55234375 0.071875 0.2421875
2 0.0953125 0.54140625 0.0578125 0.209375
0 0.6203125 0.03828125 0.053125 0.0734375
2 0.56875 0.23125 0.0453125 0.159375
2 0.496875 0.0953125 0.0296875 0.0953125
2 0.51953125 0.16875 0.0359375 0.1265625
2 0.2453125 0.1140625 0.03125 0.1140625
2 0.53984375 0.05078125 0.0234375 0.0796875
2 0.5953125 0.146875 0.034375 0.1234375
2 0.27734375 0.02109375 0.025 0.0421875
2 0.73359375 0.01171875 0.015625 0.0234375
2 0.56640625 0.02890625 0.0203125 0.05625
2 0.7015625 0.0109375 0.01875 0.021875
2 0.1328125 0.178125 0.03125 0.08125
2 0.0109375 0.3921875 0.021875 0.171875
2 0.8953125 0.11953125 0.028125 0.1171875
2 0.7546875 0.0078125 0.0140625 0.015625
2 0.16640625 0.16875 0.028125 0.0828125
1 0.09453125 0.4640625 0.0140625 0.015625
1 0.68125 0.26796875 0.009375 0.0109375
1 0.5171875 0.121875 0.009375 0.009375
1 0.2421875 0.06796875 0.00625 0.0078125
1 0.565625 0.178125 0.01015625 0.0140625
2 0.9640625 0.10859375 0.03046875 0.1203125