2 0.39609375 0.72578125 0.1390625 0.25703125
2 0.1984375 0.2875 0.040625 0.1203125
2 0.7546875 0.4109375 0.053125 0.175
2 0.4296875 0.35703125 0.0484375 0.1453125
2 0.93515625 0.3171875 0.03515625 0.1265625
2 0.296875 0.61328125 0.078125 0.24921875
2 0.35390625 0.26640625 0.03984375 0.11640625
2 0.3796875 0.11484375 0.0171875 0.04921875
2 0.3359375 0.08984375 0.0203125 0.053125
2 0.88984375 0.15078125 0.01875 0.065625
2 0.484375 0.11640625 0.01953125 0.05234375
2 0.0203125 0.84375 0.040625 0.30625
2 0.98984375 0.48359375 0.0203125 0.128125
1 0.29921875 0.525 0.0140625 0.02265625