0 0.43671875 0.821875 0.203125 0.328125
0 0.80859375 0.33671875 0.1453125 0.2640625
2 0.7359375 0.56796875 0.075 0.2578125
2 0.90859375 0.74296875 0.084375 0.2890625
2 0.55546875 0.290625 0.0421875 0.1546875
2 0.584375 0.54296875 0.06875 0.2265625
0 0.78046875 0.06171875 0.071875 0.1046875
2 0.89296875 0.53515625 0.0609375 0.2203125
0 0.296875 0.01796875 0.0515625 0.0359375
2 0.0796875 0.42265625 0.0515625 0.1921875
2 0.60390625 0.41328125 0.0546875 0.1828125
2 0.7140625 0.31328125 0.0453125 0.171875
2 0.53984375 0.16953125 0.0390625 0.11875
2 0.66640625 0.1375 0.03125 0.115625
2 0.2375 0.21640625 0.0390625 0.140625
2 0.70625 0.17734375 0.0375 0.125
2 0.10546875 0.359375 0.0359375 0.1484375
2 0.2984375 0.1703125 0.034375 0.128125
2 0.72265625 0.14140625 0.0328125 0.1125
2 0.509375 0.12265625 0.0328125 0.1109375
2 0.8359375 0.9640625 0.1046875 0.071875
2 0.99140625 0.13125 0.0171875 0.0671875
2 0.6203125 0.31796875 0.0515625 0.15625
2 0.58203125 0.14609375 0.03125 0.1125
2 0.65859375 0.08671875 0.028125 0.0921875
2 0.60859375 0.19453125 0.04375 0.1078125
2 0.60625 0.10546875 0.0328125 0.115625
2 0.6359375 0.1078125 0.0296875 0.10625
2 0.62265625 0.2390625 0.0390625 0.1015625
1 0.58046875 0.45703125 0.0109375 0.0140625
1 0.73125 0.484375 0.0125 0.015625
1 0.08046875 0.34765625 0.0109375 0.0140625
1 0.90234375 0.62734375 0.0171875 0.0234375
1 0.10390625 0.2984375 0.0109375 0.015625
1 0.6234375 0.20625 0.009375 0.0125
1 0.71171875 0.253125 0.0109375 0.01328125
1 0.7234375 0.465625 0.0109375 0.015625
2 0.17109375 0.2265625 0.0359375 0.128125