0 0.6359375 0.740625 0.21875 0.5171875
2 0.3 0.78125 0.0828125 0.3171875
2 0.34453125 0.9078125 0.0875 0.184375
0 0.9265625 0.0796875 0.103125 0.159375
2 0.46015625 0.34765625 0.0640625 0.234375
2 0.28203125 0.37890625 0.0640625 0.2203125
2 0.4875 0.13828125 0.05 0.1828125
2 0.59140625 0.33203125 0.0515625 0.2078125
2 0.47734375 0.5484375 0.0703125 0.2828125
2 0.20390625 0.4421875 0.0640625 0.1734375
2 0.196875 0.615625 0.0828125 0.2796875
2 0.54609375 0.1828125 0.05 0.171875
2 0.33359375 0.28203125 0.053125 0.19375
2 0.62734375 0.240625 0.0453125 0.1859375
2 0.61171875 0.07578125 0.040625 0.1515625
0 0.30078125 0.1640625 0.128125 0.221875
0 0.4546875 0.025 0.0953125 0.05
2 0.971875 0.0265625 0.0296875 0.053125
2 0.72890625 0.1234375 0.04375 0.1671875
1 0.27890625 0.2953125 0.0140625 0.02109375
1 0.346875 0.859375 0.02109375 0.034375
1 0.48125 0.43984375 0.0140625 0.02734375
1 0.19765625 0.51015625 0.01875 0.02734375
1 0.59140625 0.25546875 0.01328125 0.01875
1 0.29921875 0.6625 0.0203125 0.0296875
1 0.625 0.17265625 0.0125 0.02109375
1 0.54765625 0.11875 0.01171875 0.0171875