2 0.4625 0.27421875 0.046875 0.1953125
2 0.4375 0.575 0.0796875 0.3
2 0.346875 0.3765625 0.071875 0.2234375
2 0.66796875 0.23359375 0.046875 0.18984375
2 0.51015625 0.80234375 0.0703125 0.340625
2 0.53359375 0.33359375 0.05703125 0.20703125
2 0.6578125 0.80078125 0.08984375 0.34453125
2 0.53046875 0.11171875 0.0421875 0.1625
2 0.609375 0.1171875 0.03828125 0.15546875
2 0.21328125 0.57421875 0.0734375 0.27421875
0 0.596875 0.03671875 0.09453125 0.0734375
2 0.17265625 0.49140625 0.0703125 0.2484375
0 0.3015625 0.16484375 0.13125 0.21875
0 0.928125 0.046875 0.09375 0.09375
1 0.66953125 0.1578125 0.0109375 0.015625
1 0.53359375 0.25703125 0.01171875 0.021875