0 0.32421875 0.29296875 0.140625 0.20625
2 0.034375 0.56328125 0.06875 0.2546875
0 0.96015625 0.07734375 0.0796875 0.1546875
2 0.72421875 0.22734375 0.0515625 0.184375
2 0.67578125 0.37421875 0.0671875 0.234375
2 0.346875 0.13984375 0.0453125 0.1234375
2 0.80546875 0.07421875 0.04375 0.1484375
2 0.29140625 0.9546875 0.09375 0.090625
2 0.8390625 0.08984375 0.0390625 0.1515625
2 0.8828125 0.01171875 0.034375 0.0234375
1 0.28125 0.95234375 0.021875 0.0328125
1 0.02890625 0.465625 0.0171875 0.01875
1 0.67265625 0.2890625 0.0109375 0.0171875