0 0.1640625 0.721875 0.2265625 0.3796875
0 0.759375 0.815625 0.259375 0.36875
2 0.65390625 0.68046875 0.0828125 0.3015625
2 0.7671875 0.33125 0.059375 0.2140625
2 0.6640625 0.309375 0.059375 0.2203125
2 0.51796875 0.71953125 0.08125 0.3078125
2 0.80546875 0.15859375 0.0453125 0.1578125
2 0.88359375 0.05703125 0.0375 0.1140625
2 0.9234375 0.05546875 0.0390625 0.1109375
1 0.65390625 0.5640625 0.0171875 0.025
1 0.76484375 0.25078125 0.0140625 0.0171875
1 0.51640625 0.603125 0.01640625 0.02109375
1 0.80390625 0.09296875 0.009375 0.01328125