0 0.94375 0.14609375 0.10625 0.175
2 0.7296875 0.67890625 0.07890625 0.309375
2 0.36171875 0.32890625 0.05546875 0.203125
2 0.7140625 0.32265625 0.05390625 0.20546875
2 0.21484375 0.40234375 0.05703125 0.196875
2 0.3890625 0.7015625 0.078125 0.28203125
2 0.3453125 0.8578125 0.0875 0.284375
2 0.84453125 0.2484375 0.04765625 0.19296875
2 0.55625 0.47265625 0.05859375 0.2515625
2 0.51796875 0.42109375 0.059375 0.21328125
2 0.39765625 0.2265625 0.046875 0.18046875
2 0.67265625 0.24453125 0.04453125 0.18359375
2 0.8125 0.16796875 0.04296875 0.175
2 0.77578125 0.08984375 0.03828125 0.14921875
2 0.90546875 0.05078125 0.0328125 0.1015625
2 0.97734375 0.0296875 0.0265625 0.059375
1 0.340625 0.75390625 0.01875 0.02734375
1 0.7140625 0.240625 0.01328125 0.021875
1 0.7265625 0.55859375 0.01875 0.0265625
1 0.671875 0.171875 0.01171875 0.01640625
2 0.865625 0.025 0.03125 0.05