2 0.571875 0.5390625 0.0765625 0.2890625
2 0.409375 0.7765625 0.090625 0.3109375
2 0.84609375 0.4625 0.0671875 0.2546875
2 0.7109375 0.415625 0.0640625 0.1984375
2 0.65703125 0.340625 0.0578125 0.2078125
2 0.7125 0.60390625 0.0796875 0.296875
2 0.434375 0.62421875 0.075 0.253125
2 0.6265625 0.6078125 0.0734375 0.2953125
2 0.9234375 0.01328125 0.028125 0.0265625
2 0.52421875 0.01875 0.0296875 0.0375
2 0.853125 0.0796875 0.03125 0.146875
1 0.43359375 0.5296875 0.0171875 0.021875
1 0.40234375 0.64453125 0.0171875 0.0234375
1 0.6546875 0.26875 0.0171875 0.0203125
1 0.84453125 0.371875 0.0140625 0.01875
1 0.7109375 0.34921875 0.0125 0.02421875
1 0.571875 0.43671875 0.015625 0.021875