0 0.9234375 0.20546875 0.1328125 0.203125
0 0.72421875 0.9140625 0.253125 0.171875
2 0.56171875 0.55703125 0.0703125 0.26875
2 0.28046875 0.30625 0.0515625 0.196875
2 0.6671875 0.3015625 0.05625 0.20625
2 0.10078125 0.41875 0.0625 0.2109375
2 0.75078125 0.32265625 0.0546875 0.2125
2 0.35234375 0.340625 0.0609375 0.21875
2 0.734375 0.14921875 0.040625 0.1484375
2 0.81640625 0.153125 0.05 0.159375
2 0.46953125 0.15078125 0.04375 0.1609375
2 0.49140625 0.0390625 0.0328125 0.078125
2 0.4390625 0.11171875 0.0359375 0.1484375
2 0.53125 0.0921875 0.0390625 0.1609375
2 0.9234375 0.0078125 0.03125 0.015625
2 0.98125 0.0078125 0.028125 0.015625
1 0.28046875 0.2296875 0.0109375 0.015625
1 0.7453125 0.2390625 0.0125 0.015625
1 0.10390625 0.33984375 0.0140625 0.0171875
1 0.56484375 0.4546875 0.0140625 0.015625
1 0.3515625 0.27421875 0.01015625 0.015625
1 0.34296875 0.26328125 0.0078125 0.01484375
1 0.6625 0.2265625 0.01171875 0.01484375
1 0.4671875 0.09140625 0.00859375 0.01171875
1 0.53359375 0.03125 0.009375 0.01640625
1 0.43984375 0.0625 0.009375 0.01171875
2 0.87421875 0.0625 0.0390625 0.125