0 0.71796875 0.34375 0.1609375 0.271875
2 0.403125 0.88359375 0.0875 0.23125
2 0.5390625 0.2796875 0.0578125 0.2125
0 0.4015625 0.0765625 0.1078125 0.153125
0 0.94375 0.1234375 0.1078125 0.171875
2 0.2203125 0.7234375 0.0796875 0.2984375
2 0.49375 0.14453125 0.0453125 0.1671875
2 0.60859375 0.03203125 0.0328125 0.0640625
0 0.4703125 0.021875 0.0609375 0.04375
0 0.3 0.16875 0.128125 0.2265625
2 0.0125 0.79140625 0.025 0.2328125
1 0.4015625 0.80546875 0.0234375 0.04140625
1 0.53671875 0.20390625 0.01484375 0.025