0 0.75625 0.2125 0.1015625 0.1453125
0 0.7046875 0.1296875 0.0828125 0.1109375
2 0.88203125 0.72421875 0.0875 0.30625
2 0.1125 0.53359375 0.0578125 0.2046875
2 0.23125 0.61796875 0.0671875 0.2359375
2 0.6765625 0.55546875 0.06875 0.2375
2 0.2203125 0.31484375 0.0515625 0.16875
2 0.26953125 0.11640625 0.0359375 0.1140625
2 0.59921875 0.421875 0.053125 0.2
2 0.659375 0.35390625 0.0515625 0.1828125
2 0.27109375 0.25 0.0453125 0.146875
2 0.5546875 0.13515625 0.034375 0.1125
2 0.35703125 0.06171875 0.034375 0.10625
2 0.628125 0.10625 0.0296875 0.0984375
2 0.18671875 0.16015625 0.034375 0.1171875
2 0.15625 0.1671875 0.0375 0.1171875
2 0.93203125 0.0515625 0.0296875 0.1
2 0.30546875 0.97421875 0.0921875 0.0515625
2 0.6265625 0.046875 0.0265625 0.06875
0 0.77109375 0.0171875 0.0453125 0.034375
2 0.53984375 0.0640625 0.028125 0.090625
0 0.5890625 0.009375 0.0453125 0.01875
2 0.5875 0.0515625 0.021875 0.071875
2 0.58515625 0.1078125 0.0296875 0.1046875
2 0.7578125 0.0328125 0.021875 0.059375
1 0.303125 0.98203125 0.01875 0.0234375
1 0.59609375 0.34296875 0.0109375 0.0140625
1 0.228125 0.528125 0.0125 0.02109375
1 0.11015625 0.45546875 0.0125 0.0203125
1 0.6734375 0.46484375 0.0125 0.0171875
1 0.2171875 0.2625 0.01015625 0.0140625
1 0.26796875 0.1984375 0.01015625 0.01328125
1 0.65703125 0.2890625 0.01015625 0.01640625
1 0.87578125 0.61875 0.015625 0.028125