2 0.0828125 0.73125 0.096875 0.3125
2 0.38203125 0.17890625 0.0484375 0.1546875
2 0.61875 0.31953125 0.0609375 0.2125
2 0.26328125 0.51953125 0.075 0.25625
2 0.44609375 0.196875 0.053125 0.1703125
2 0.27109375 0.86796875 0.084375 0.2640625
2 0.303125 0.25859375 0.053125 0.178125
2 0.1890625 0.2328125 0.0484375 0.1671875
2 0.95859375 0.0703125 0.0453125 0.140625
2 0.48046875 0.08984375 0.040625 0.14375
2 0.91484375 0.02421875 0.034375 0.0484375
2 0.8828125 0.0171875 0.0296875 0.034375
1 0.078125 0.63359375 0.01875 0.0234375
1 0.2640625 0.41875 0.015625 0.021875
1 0.3015625 0.19140625 0.009375 0.0125
1 0.18359375 0.171875 0.0109375 0.0125
1 0.08984375 0.6109375 0.01484375 0.01953125