0 0.52890625 0.17109375 0.1359375 0.13984375
2 0.4328125 0.48515625 0.06796875 0.21640625
2 0.0796875 0.18828125 0.04921875 0.15546875
2 0.12734375 0.13203125 0.03515625 0.13984375
2 0.32890625 0.49765625 0.06015625 0.22421875
2 0.1640625 0.47890625 0.06015625 0.2046875
2 0.26015625 0.525 0.05859375 0.21484375
2 0.56328125 0.4859375 0.0671875 0.2046875
2 0.01015625 0.32734375 0.0203125 0.16953125
1 0.253125 0.44140625 0.0125 0.0203125
1 0.325 0.40703125 0.01328125 0.02265625
1 0.43046875 0.39765625 0.0140625 0.02109375