2 0.71015625 0.2703125 0.05 0.190625
2 0.5484375 0.7671875 0.0921875 0.3203125
2 0.34921875 0.3296875 0.0671875 0.20625
2 0.28359375 0.90390625 0.078125 0.1921875
2 0.9078125 0.12421875 0.0484375 0.165625
2 0.44375 0.5484375 0.0734375 0.2515625
2 0.77734375 0.16328125 0.0515625 0.175
2 0.88046875 0.05234375 0.04375 0.1046875
2 0.83671875 0.0890625 0.0453125 0.1609375
2 0.98203125 0.03125 0.034375 0.0625
2 0.96640625 0.01953125 0.04375 0.0390625
2 0.925 0.0109375 0.028125 0.021875
2 0.96328125 0.02265625 0.0328125 0.0453125
2 0.7984375 0.05546875 0.0390625 0.109375
1 0.3453125 0.253125 0.0125 0.015625
1 0.440625 0.45078125 0.0125 0.0171875
1 0.54921875 0.6390625 0.01796875 0.025
2 0.0453125 0.48515625 0.053125 0.228125
1 0.3578125 0.25546875 0.01015625 0.015625
1 0.70859375 0.2015625 0.0125 0.015625