0 0.94140625 0.16015625 0.1171875 0.1828125
0 0.16796875 0.5359375 0.3 0.559375
2 0.79140625 0.409375 0.0625 0.2390625
2 0.81484375 0.10078125 0.059375 0.18125
2 0.69609375 0.3609375 0.0609375 0.2234375
2 0.73203125 0.25078125 0.0625 0.2046875
2 0.471875 0.92578125 0.0890625 0.1484375
2 0.6390625 0.47421875 0.071875 0.2484375
2 0.184375 0.22578125 0.0375 0.1015625
2 0.48984375 0.03828125 0.034375 0.0765625
2 0.875 0.07265625 0.05 0.1453125
2 0.5984375 0.4109375 0.0671875 0.234375
2 0.92421875 0.00625 0.0265625 0.0125
0 0.98125 0.04609375 0.0375 0.0921875
1 0.69609375 0.271875 0.0109375 0.015625
1 0.7296875 0.1796875 0.009375 0.0125
1 0.7890625 0.31953125 0.0140625 0.0171875
1 0.603125 0.3234375 0.0125 0.0125
1 0.18359375 0.1921875 0.0078125 0.0125
1 0.465625 0.940625 0.021875 0.02421875