0 0.81796875 0.7484375 0.20703125 0.39375
2 0.59140625 0.55546875 0.071875 0.2625
2 0.1625 0.525 0.06015625 0.24921875
2 0.75859375 0.171875 0.05 0.1765625
2 0.51875 0.828125 0.0921875 0.33125
2 0.1640625 0.86796875 0.0796875 0.2546875
2 0.41640625 0.1296875 0.04375 0.165625
2 0.69921875 0.2765625 0.05078125 0.2015625
2 0.8078125 0.33046875 0.05703125 0.21484375
2 0.91953125 0.09921875 0.04375 0.1796875
2 0.815625 0.11875 0.040625 0.11328125
2 0.878125 0.06796875 0.0421875 0.1359375
2 0.81484375 0.21015625 0.0546875 0.140625
2 0.9765625 0.01875 0.03046875 0.0375
2 0.8109375 0.04296875 0.034375 0.08515625
2 0.175 0.31640625 0.03984375 0.17578125
1 0.16796875 0.796875 0.01953125 0.03046875
1 0.4171875 0.06875 0.009375 0.01640625
1 0.5921875 0.459375 0.01640625 0.025
1 0.16171875 0.43203125 0.015625 0.0203125
1 0.5234375 0.70390625 0.01875 0.0328125
1 0.7 0.1984375 0.0140625 0.01953125
2 0.90234375 0.028125 0.03359375 0.05625
2 0.76328125 0.0828125 0.03203125 0.07734375