2 0.540625 0.26015625 0.0515625 0.20625
2 0.6328125 0.2359375 0.05 0.19375
2 0.29375 0.69140625 0.075 0.3140625
2 0.45703125 0.240625 0.0515625 0.1953125
2 0.5703125 0.1203125 0.04375 0.1609375
0 0.97265625 0.27890625 0.0546875 0.253125
0 0.96171875 0.06015625 0.0765625 0.1203125
2 0.62109375 0.05703125 0.040625 0.1125
2 0.5796875 0.03515625 0.0390625 0.0703125
2 0.740625 0.01640625 0.0328125 0.0328125
0 0.45546875 0.02265625 0.090625 0.0453125
0 0.3015625 0.16328125 0.13125 0.2171875
1 0.45625 0.1671875 0.01328125 0.01875
1 0.5390625 0.184375 0.0125 0.01875
1 0.6328125 0.1625 0.01328125 0.02109375
2 0.4390625 0.11328125 0.0359375 0.14453125
2 0.40703125 0.1 0.03125 0.13828125