2 0.48828125 0.8734375 0.10625 0.253125
2 0.5703125 0.390625 0.0671875 0.21875
2 0.6328125 0.56015625 0.071875 0.271875
2 0.6953125 0.23359375 0.0546875 0.196875
2 0.83984375 0.415625 0.065625 0.2578125
2 0.90546875 0.1 0.05 0.1671875
2 0.41953125 0.7515625 0.1 0.3453125
2 0.3703125 0.18828125 0.0453125 0.159375
2 0.8171875 0.16484375 0.05 0.1640625
2 0.7703125 0.121875 0.0390625 0.14375
2 0.859375 0.08359375 0.04375 0.1546875
2 0.9515625 0.01953125 0.0375 0.0390625
2 0.8890625 0.0203125 0.034375 0.040625
1 0.83984375 0.315625 0.0140625 0.01875
1 0.415625 0.63984375 0.01875 0.0234375
1 0.63046875 0.45390625 0.0171875 0.0203125
1 0.48671875 0.7875 0.0203125 0.028125
1 0.9046875 0.0390625 0.009375 0.0125
1 0.57265625 0.30703125 0.009375 0.015625
1 0.696875 0.16328125 0.0109375 0.01484375
1 0.85703125 0.02890625 0.009375 0.01484375
1 0.36484375 0.1296875 0.01015625 0.0140625