0 0.684375 0.8140625 0.21484375 0.371875
0 0.696875 0.07421875 0.0984375 0.1484375
2 0.10390625 0.80859375 0.08984375 0.328125
2 0.54375 0.578125 0.06640625 0.27890625
2 0.6390625 0.5421875 0.0625 0.21953125
2 0.58203125 0.1375 0.04609375 0.17421875
2 0.28828125 0.7453125 0.0765625 0.3375
2 0.54609375 0.0640625 0.0390625 0.128125
2 0.50703125 0.259375 0.05703125 0.2046875
2 0.48125 0.36875 0.04921875 0.2203125
2 0.35859375 0.95234375 0.07890625 0.0953125
2 0.50078125 0.159375 0.046875 0.11953125
0 0.45234375 0.0234375 0.090625 0.046875
2 0.58515625 0.025 0.028125 0.05
0 0.30078125 0.16640625 0.13203125 0.21875
1 0.5453125 0.4703125 0.015625 0.02421875
1 0.5046875 0.18359375 0.0125 0.01796875
1 0.63671875 0.46171875 0.01640625 0.0265625
1 0.28671875 0.61484375 0.02109375 0.0359375