0 0.84453125 0.5421875 0.2 0.39453125
2 0.47734375 0.86171875 0.08125 0.2765625
2 0.37734375 0.196875 0.04453125 0.1625
0 0.8890625 0.171875 0.13671875 0.2390625
2 0.25703125 0.44296875 0.0546875 0.22109375
2 0.18359375 0.53515625 0.06640625 0.2640625
2 0.775 0.09375 0.040625 0.1484375
2 0.98359375 0.02109375 0.028125 0.0421875
2 0.80625 0.04296875 0.03359375 0.0859375
2 0.81015625 0.11328125 0.03671875 0.1515625
2 0.92421875 0.0296875 0.0390625 0.059375
1 0.48125 0.7625 0.02265625 0.034375
1 0.82890625 0.06796875 0.0078125 0.0109375
2 0.86484375 0.03046875 0.03203125 0.06015625
1 0.18125 0.4578125 0.01484375 0.025
1 0.184375 0.42890625 0.015625 0.02265625
1 0.37734375 0.13828125 0.009375 0.015625