0 0.81015625 0.61875 0.19765625 0.3625
2 0.17734375 0.88671875 0.0796875 0.2265625
2 0.67734375 0.23515625 0.05625 0.18984375
2 0.58515625 0.471875 0.05703125 0.24765625
2 0.7546875 0.36796875 0.05390625 0.2234375
2 0.1515625 0.49765625 0.06484375 0.23828125
2 0.31875 0.1765625 0.040625 0.1609375
2 0.45234375 0.10078125 0.0359375 0.14375
2 0.5 0.12109375 0.040625 0.153125
2 0.8953125 0.11640625 0.0375 0.15703125
2 0.86640625 0.0484375 0.03125 0.096875
2 0.94140625 0.02890625 0.03046875 0.0578125
1 0.15234375 0.40390625 0.01328125 0.0234375
1 0.58515625 0.3734375 0.015625 0.02890625
1 0.3203125 0.11484375 0.01171875 0.01875
2 0.890625 0.0328125 0.02890625 0.06484375