0 0.928125 0.18046875 0.1234375 0.20546875
2 0.259375 0.88046875 0.096875 0.2390625
2 0.51875 0.90703125 0.096875 0.1859375
2 0.67109375 0.32890625 0.06015625 0.20625
2 0.43125 0.11953125 0.040625 0.15
2 0.06484375 0.49140625 0.06484375 0.24765625
2 0.8359375 0.0875 0.0453125 0.15078125
2 0.29765625 0.23125 0.046875 0.1671875
2 0.9703125 0.03203125 0.0359375 0.0640625
2 0.94140625 0.04140625 0.0390625 0.0765625
1 0.52421875 0.85390625 0.0203125 0.028125
1 0.26484375 0.8 0.02109375 0.03984375
1 0.06328125 0.3953125 0.0140625 0.0234375
2 0.353125 0.13046875 0.0328125 0.140625
1 0.67109375 0.246875 0.01328125 0.02421875
2 0.89453125 0.0484375 0.0375 0.09609375