2 0.04296875 0.803125 0.0859375 0.321875
2 0.66015625 0.32578125 0.053125 0.209375
2 0.2671875 0.409375 0.0609375 0.2265625
2 0.52109375 0.7703125 0.0765625 0.3140625
2 0.3796875 0.5140625 0.0640625 0.25625
2 0.50859375 0.1140625 0.0515625 0.16875
2 0.17734375 0.371875 0.0578125 0.2
0 0.971875 0.0703125 0.05625 0.140625
0 0.7484375 0.0453125 0.09375 0.090625
2 0.6234375 0.00625 0.028125 0.0125
0 0.30078125 0.16328125 0.12890625 0.2296875
0 0.9453125 0.0109375 0.0625 0.021875
1 0.265625 0.321875 0.01484375 0.02578125
1 0.378125 0.4171875 0.0140625 0.021875
1 0.6578125 0.253125 0.0125 0.0203125
0 0.475 0.02265625 0.05 0.0453125