0 0.66875 0.1296875 0.0828125 0.11328125
0 0.93359375 0.165625 0.1046875 0.1515625
2 0.753125 0.4359375 0.05234375 0.2125
2 0.05234375 0.69765625 0.06875 0.24375
2 0.1890625 0.4703125 0.0515625 0.2125
2 0.5296875 0.28359375 0.040625 0.1671875
2 0.67578125 0.24140625 0.04140625 0.16328125
2 0.6 0.265625 0.040625 0.1625
2 0.51015625 0.06015625 0.01796875 0.06796875
2 0.4984375 0.11875 0.0265625 0.1
2 0.16328125 0.15234375 0.028125 0.115625
2 0.24921875 0.01640625 0.01875 0.03125
2 0.5609375 0.046875 0.0171875 0.075
2 0.52734375 0.0296875 0.015625 0.059375
2 0.58984375 0.0296875 0.01796875 0.05859375
2 0.90625 0.05078125 0.025 0.0875
1 0.75078125 0.35546875 0.0125 0.01953125
1 0.528125 0.2203125 0.01015625 0.01328125
2 0.13046875 0.16171875 0.0328125 0.10703125
1 0.1859375 0.38671875 0.01328125 0.01953125