2 0.42890625 0.796875 0.07734375 0.31875
0 0.95 0.10703125 0.1 0.18828125
2 0.83984375 0.33125 0.05625 0.228125
2 0.5703125 0.828125 0.0875 0.34375
2 0.4984375 0.5421875 0.0734375 0.25625
2 0.425 0.46953125 0.05625 0.23046875
2 0.7375 0.23359375 0.0453125 0.18515625
2 0.67109375 0.3796875 0.05546875 0.2203125
2 0.6484375 0.27734375 0.04375 0.190625
2 0.775 0.27578125 0.0578125 0.2078125
2 0.01640625 0.878125 0.0328125 0.24375
2 0.853125 0.04921875 0.03515625 0.0984375
2 0.4984375 0.0484375 0.03359375 0.096875
2 0.903125 0.0171875 0.028125 0.034375
1 0.671875 0.29453125 0.0140625 0.02109375
1 0.4296875 0.3796875 0.015625 0.0203125
1 0.56953125 0.71015625 0.01953125 0.02578125
1 0.83984375 0.24296875 0.01171875 0.01953125
1 0.7421875 0.16328125 0.01171875 0.01875
2 0.53046875 0.06171875 0.028125 0.12265625