2 0.4609375 0.87890625 0.0921875 0.2421875
2 0.6 0.1 0.0453125 0.1609375
0 0.30078125 0.16640625 0.1328125 0.221875
2 0.4765625 0.31484375 0.0546875 0.2015625
2 0.6796875 0.121875 0.046875 0.165625
2 0.63203125 0.34921875 0.053125 0.215625
2 0.38359375 0.46796875 0.0765625 0.25703125
2 0.565625 0.0328125 0.03046875 0.065625
2 0.3765625 0.29375 0.04765625 0.20859375
2 0.45703125 0.053125 0.03515625 0.10625
1 0.6296875 0.2671875 0.01328125 0.01875
1 0.475 0.2390625 0.01328125 0.02265625
0 0.453125 0.02109375 0.09140625 0.0421875