2 0.328125 0.9125 0.08515625 0.175
2 0.29921875 0.3328125 0.05078125 0.19453125
2 0.11171875 0.37421875 0.0515625 0.2109375
2 0.5984375 0.8296875 0.08125 0.340625
2 0.5203125 0.465625 0.07265625 0.24375
2 0.77109375 0.35078125 0.04921875 0.2140625
2 0.30703125 0.215625 0.04375 0.12578125
2 0.89140625 0.0703125 0.0328125 0.140625
2 0.83046875 0.07109375 0.0390625 0.13828125
2 0.78515625 0.1265625 0.04140625 0.1625
2 0.45078125 0.06484375 0.0359375 0.1296875
2 0.9296875 0.01015625 0.02421875 0.0203125
2 0.50078125 0.06640625 0.034375 0.1328125
1 0.59921875 0.7015625 0.01953125 0.03515625
1 0.771875 0.265625 0.01484375 0.025
1 0.3 0.25625 0.01328125 0.021875