2 0.409375 0.8015625 0.090625 0.3234375
2 0.7140625 0.2953125 0.05625 0.2140625
2 0.59765625 0.66171875 0.07265625 0.3015625
2 0.21875 0.703125 0.0765625 0.28671875
2 0.48671875 0.40625 0.0609375 0.21953125
2 0.46875 0.91484375 0.08828125 0.16953125
2 0.7578125 0.15 0.04375 0.1546875
2 0.3140625 0.89375 0.084375 0.2125
2 0.459375 0.040625 0.0390625 0.0796875
2 0.271875 0.825 0.08125 0.33125
2 0.54765625 0.96171875 0.07734375 0.0765625
2 0.90390625 0.00625 0.025 0.0125
2 0.846875 0.0515625 0.03203125 0.103125
1 0.31875 0.83203125 0.01875 0.0296875
1 0.409375 0.6796875 0.01953125 0.034375
1 0.4703125 0.8671875 0.01875 0.025
1 0.22578125 0.590625 0.015625 0.0234375
1 0.6 0.54609375 0.015625 0.021875
1 0.71171875 0.21484375 0.0125 0.021875