2 0.43046875 0.8640625 0.09765625 0.271875
2 0.57890625 0.8234375 0.09296875 0.34140625
2 0.6484375 0.9046875 0.09375 0.190625
2 0.86875 0.17421875 0.04453125 0.175
2 0.44140625 0.54375 0.065625 0.2640625
2 0.22265625 0.34296875 0.05 0.1953125
2 0.78203125 0.07421875 0.03203125 0.1375
2 0.91953125 0.0578125 0.0375 0.115625
2 0.753125 0.11953125 0.0375 0.1515625
2 0.84765625 0.071875 0.03046875 0.1359375
1 0.57890625 0.69609375 0.02265625 0.03359375
2 0.1359375 0.93046875 0.096875 0.1390625
1 0.6515625 0.85703125 0.025 0.040625