0 0.84609375 0.57421875 0.1875 0.315625
0 0.91796875 0.16171875 0.134375 0.203125
2 0.36640625 0.82890625 0.1015625 0.3203125
2 0.19453125 0.42734375 0.065625 0.215625
2 0.6171875 0.61171875 0.084375 0.278125
2 0.6921875 0.3140625 0.0625 0.2390625
2 0.35078125 0.196875 0.05 0.16875
2 0.17265625 0.6296875 0.075 0.2796875
2 0.5046875 0.4578125 0.071875 0.2421875
2 0.02421875 0.68359375 0.0484375 0.28125
2 0.81171875 0.053125 0.0359375 0.1046875
2 0.9109375 0.0359375 0.0453125 0.071875
2 0.528125 0.03125 0.034375 0.0625
2 0.8453125 0.07109375 0.0421875 0.1421875
1 0.0078125 0.571875 0.015625 0.025
1 0.196875 0.34765625 0.0125 0.0234375
1 0.6109375 0.50859375 0.0140625 0.03046875
1 0.365625 0.709375 0.0171875 0.03046875
1 0.50234375 0.36796875 0.0140625 0.0265625
1 0.17421875 0.51875 0.01875 0.02890625
1 0.34765625 0.134375 0.0140625 0.015625
1 0.69140625 0.23203125 0.01328125 0.0171875
1 0.8421875 0.01015625 0.0078125 0.0109375