0 0.890625 0.41640625 0.1703125 0.259375
2 0.0296875 0.6609375 0.059375 0.2671875
2 0.0671875 0.47734375 0.0625 0.2265625
2 0.59453125 0.6046875 0.0828125 0.303125
2 0.14140625 0.74921875 0.0890625 0.321875
2 0.79453125 0.096875 0.053125 0.1640625
2 0.67578125 0.32421875 0.0578125 0.21875
2 0.7390625 0.3359375 0.065625 0.225
2 0.86015625 0.0828125 0.046875 0.153125
2 0.48125 0.0875 0.040625 0.1515625
2 0.9609375 0.03359375 0.04375 0.0671875
2 0.51484375 0.03125 0.0359375 0.0625
2 0.7640625 0.259375 0.0546875 0.1890625
2 0.9421875 0.0125 0.0421875 0.025
1 0.13515625 0.64453125 0.0171875 0.0234375
1 0.02265625 0.56015625 0.0140625 0.0171875
1 0.59296875 0.50390625 0.0140625 0.0203125
1 0.765625 0.1890625 0.01484375 0.01875
1 0.7921875 0.03828125 0.009375 0.0171875
1 0.065625 0.3953125 0.01328125 0.0171875
1 0.6765625 0.24140625 0.01484375 0.01796875
1 0.4796875 0.04140625 0.0078125 0.0140625