0 0.7265625 0.2 0.096875 0.146875
0 0.6640625 0.0984375 0.075 0.128125
2 0.6203125 0.51171875 0.065625 0.2234375
2 0.1625 0.40703125 0.0515625 0.178125
2 0.5921875 0.3109375 0.0484375 0.178125
2 0.646875 0.65234375 0.06875 0.271875
2 0.5359375 0.253125 0.040625 0.1609375
2 0.25859375 0.1609375 0.0375 0.1328125
2 0.50703125 0.16953125 0.03125 0.121875
2 0.98203125 0.1109375 0.0296875 0.1140625
2 0.58515625 0.0890625 0.021875 0.0765625
0 0.6125 0.02421875 0.0484375 0.0484375
2 0.5453125 0.11015625 0.0265625 0.090625
2 0.61171875 0.071875 0.0234375 0.084375
2 0.1984375 0.08046875 0.025 0.1015625
2 0.709375 0.0109375 0.015625 0.021875
2 0.9328125 0.059375 0.021875 0.0921875
2 0.5234375 0.078125 0.0203125 0.06875
2 0.95390625 0.07578125 0.025 0.1171875
2 0.25546875 0.0046875 0.0171875 0.009375
1 0.5328125 0.190625 0.009375 0.0125
1 0.64375 0.54296875 0.015625 0.0203125
1 0.6203125 0.42890625 0.015625 0.0203125
1 0.15859375 0.34375 0.0109375 0.0125
1 0.25625 0.10859375 0.009375 0.0109375
1 0.5890625 0.24765625 0.0109375 0.01640625
2 0.740625 0.03359375 0.021875 0.0671875
2 0.76484375 0.02421875 0.0203125 0.0484375
2 0.80546875 0.025 0.0171875 0.0484375
2 0.85546875 0.02421875 0.0203125 0.0484375
2 0.82265625 0.03359375 0.01640625 0.0671875