0 0.79609375 0.61484375 0.20703125 0.3921875
2 0.3296875 0.88125 0.09765625 0.2375
2 0.746875 0.209375 0.05 0.1890625
2 0.37734375 0.29921875 0.0484375 0.1953125
2 0.11328125 0.5578125 0.0609375 0.2578125
2 0.5078125 0.0984375 0.040625 0.1453125
2 0.86171875 0.05625 0.04375 0.1125
2 0.45859375 0.08046875 0.0359375 0.1375
0 0.94296875 0.1375 0.1140625 0.2015625
2 0.071875 0.91875 0.0828125 0.1609375
1 0.071875 0.8859375 0.01953125 0.0375
1 0.32890625 0.815625 0.01875 0.03046875
1 0.74375 0.14140625 0.0125 0.0171875
1 0.11640625 0.4578125 0.0125 0.02421875
2 0.30234375 0.1640625 0.034375 0.1625