2 0.5796875 0.6875 0.0796875 0.284375
2 0.6265625 0.4875 0.0609375 0.2234375
2 0.1375 0.5671875 0.0671875 0.234375
2 0.2375 0.49140625 0.0671875 0.2171875
2 0.70859375 0.52265625 0.071875 0.25
2 0.7734375 0.82578125 0.084375 0.3265625
2 0.7015625 0.22890625 0.0421875 0.1578125
2 0.240625 0.134375 0.0296875 0.1125
2 0.565625 0.22265625 0.040625 0.1515625
2 0.26484375 0.059375 0.0296875 0.103125
2 0.5265625 0.12421875 0.0296875 0.1
2 0.61640625 0.046875 0.0234375 0.084375
2 0.0859375 0.31796875 0.0359375 0.1515625
2 0.55078125 0.09140625 0.025 0.0921875
2 0.75625 0.01328125 0.0171875 0.025
2 0.5890625 0.08515625 0.0234375 0.0875
2 0.89609375 0.05078125 0.0265625 0.0953125
2 0.690625 0.01015625 0.0171875 0.0203125
2 0.49921875 0.09921875 0.0234375 0.0890625
2 0.56875 0.1203125 0.025 0.0859375
2 0.5328125 0.02734375 0.021875 0.0546875
1 0.13359375 0.475 0.0171875 0.01875
1 0.23046875 0.4078125 0.0171875 0.01875
1 0.56953125 0.56875 0.0109375 0.0125
1 0.6203125 0.4015625 0.0125 0.015625
1 0.76484375 0.70390625 0.0171875 0.0203125
1 0.56328125 0.16328125 0.0078125 0.0109375
1 0.70390625 0.4421875 0.01328125 0.01640625
1 0.70078125 0.17109375 0.0125 0.01796875
1 0.240625 0.09453125 0.0078125 0.0109375
1 0.26484375 0.0203125 0.00703125 0.0109375
1 0.57890625 0.603125 0.0140625 0.02109375