2 0.68046875 0.875 0.0890625 0.25
2 0.17265625 0.37890625 0.0515625 0.178125
2 0.65 0.2765625 0.04375 0.1671875
2 0.58671875 0.27578125 0.040625 0.15625
2 0.68125 0.13203125 0.0359375 0.1140625
0 0.63515625 0.053125 0.05625 0.084375
2 0.56875 0.190625 0.0375 0.128125
2 0.55234375 0.1296875 0.03125 0.09375
2 0.56171875 0.03125 0.01875 0.0609375
2 0.54765625 0.06484375 0.021875 0.078125
0 0.62265625 0.02734375 0.0609375 0.0546875
2 0.9359375 0.0875 0.0234375 0.034375
0 0.69375 0.00859375 0.0609375 0.0171875
1 0.67578125 0.78984375 0.0203125 0.0265625
1 0.1703125 0.31328125 0.0109375 0.01640625
1 0.64609375 0.21640625 0.0078125 0.0109375
1 0.5859375 0.2109375 0.009375 0.0125