2 0.22734375 0.734375 0.0734375 0.296875
2 0.69375 0.8390625 0.08125 0.31875
2 0.5921875 0.65234375 0.0796875 0.2984375
2 0.61015625 0.2484375 0.046875 0.1703125
2 0.28359375 0.09375 0.0296875 0.121875
2 0.1359375 0.259375 0.0390625 0.14375
2 0.3421875 0.07265625 0.034375 0.1203125
2 0.590625 0.153125 0.034375 0.121875
2 0.01484375 0.5515625 0.0296875 0.23125
2 0.5703125 0.09609375 0.0296875 0.1109375
2 0.52890625 0.13984375 0.0296875 0.128125
2 0.546875 0.06171875 0.025 0.0859375
2 0.9546875 0.11875 0.0359375 0.1296875
0 0.79296875 0.02578125 0.06875 0.0515625
2 0.0828125 0.93828125 0.0875 0.1234375
2 0.546875 0.0171875 0.021875 0.034375
2 0.55234375 0.01953125 0.021875 0.0390625
1 0.00703125 0.45546875 0.0140625 0.0265625
1 0.22265625 0.621875 0.0203125 0.025
1 0.58359375 0.553125 0.0171875 0.01875
1 0.690625 0.72109375 0.01875 0.03046875
1 0.07890625 0.9265625 0.0234375 0.03671875
1 0.134375 0.2046875 0.0078125 0.0125
1 0.6078125 0.18359375 0.00859375 0.015625
2 0.9875 0.05859375 0.02421875 0.1171875
2 0.85703125 0.0234375 0.02421875 0.046875
2 0.89296875 0.02890625 0.0265625 0.0578125