0 0.7390625 0.84375 0.23671875 0.3109375
0 0.28671875 0.49921875 0.16484375 0.28984375
2 0.5109375 0.859375 0.0984375 0.2796875
2 0.1953125 0.82578125 0.09375 0.2875
2 0.43515625 0.196875 0.0484375 0.1765625
2 0.80390625 0.140625 0.04375 0.15625
2 0.36875 0.19765625 0.0484375 0.171875
2 0.25390625 0.28828125 0.053125 0.16328125
2 0.26875 0.87890625 0.09375 0.2421875
2 0.89921875 0.065625 0.0390625 0.13125
2 0.8171875 0.0546875 0.040625 0.109375
2 0.74375 0.12421875 0.0421875 0.134375
1 0.51015625 0.7640625 0.021875 0.03671875
1 0.2609375 0.859375 0.01875 0.0328125
2 0.87734375 0.040625 0.0328125 0.08125
1 0.25234375 0.22578125 0.0125 0.01875