0 0.87734375 0.40234375 0.14921875 0.25625
2 0.7484375 0.615625 0.06875 0.28203125
2 0.090625 0.8015625 0.0859375 0.3125
2 0.0234375 0.7515625 0.046875 0.2765625
2 0.46484375 0.58046875 0.06796875 0.26640625
2 0.37890625 0.1859375 0.0484375 0.178125
2 0.73046875 0.30234375 0.05078125 0.19453125
2 0.625 0.26484375 0.04453125 0.19609375
2 0.521875 0.73359375 0.07734375 0.30078125
2 0.8296875 0.196875 0.04765625 0.1875
2 0.64140625 0.93515625 0.07890625 0.1296875
2 0.7921875 0.075 0.0421875 0.1390625
2 0.9625 0.0265625 0.0296875 0.0515625
2 0.48671875 0.04609375 0.0328125 0.0921875
2 0.89140625 0.04375 0.03203125 0.0875
2 0.8203125 0.09765625 0.0390625 0.109375
2 0.03984375 0.97734375 0.0796875 0.0453125
1 0.0859375 0.6796875 0.01953125 0.02890625
1 0.73125 0.22890625 0.01171875 0.0203125
1 0.46484375 0.4796875 0.01640625 0.0234375
1 0.51953125 0.61328125 0.01640625 0.0296875
1 0.62578125 0.1890625 0.01171875 0.0171875
2 0.53515625 0.05078125 0.0296875 0.1015625