2 0.02421875 0.66640625 0.0484375 0.2703125
2 0.92109375 0.184375 0.0484375 0.184375
2 0.82890625 0.26640625 0.0640625 0.2140625
2 0.659375 0.371875 0.0609375 0.228125
2 0.60390625 0.34296875 0.059375 0.215625
2 0.7265625 0.2359375 0.0546875 0.209375
2 0.76328125 0.26953125 0.053125 0.2171875
2 0.9296875 0.021875 0.03125 0.04375
2 0.81484375 0.1578125 0.046875 0.1328125
1 0.6546875 0.28203125 0.0125 0.0171875
1 0.60390625 0.25859375 0.0140625 0.0171875
1 0.0078125 0.559375 0.015625 0.01875
1 0.91875 0.1171875 0.009375 0.0125
1 0.82734375 0.18359375 0.0109375 0.0140625
1 0.72578125 0.1625 0.01015625 0.015625
1 0.815625 0.1125 0.01015625 0.01484375