2 0.33515625 0.19296875 0.0453125 0.1578125
2 0.39765625 0.69765625 0.075 0.29375
2 0.62421875 0.5421875 0.0828125 0.278125
2 0.54375 0.84140625 0.0828125 0.3171875
2 0.87109375 0.0640625 0.046875 0.125
2 0.48515625 0.93359375 0.1015625 0.1328125
2 0.74453125 0.1484375 0.0453125 0.153125
2 0.79921875 0.090625 0.05 0.15625
2 0.9359375 0.04609375 0.040625 0.0921875
1 0.39609375 0.58515625 0.0171875 0.0203125
1 0.4921875 0.9125 0.0203125 0.03046875
1 0.62109375 0.4375 0.0171875 0.021875
1 0.54375 0.73359375 0.021875 0.02734375
1 0.3359375 0.13203125 0.01015625 0.01328125