2 0.340625 0.20390625 0.0515625 0.1640625
2 0.5484375 0.82734375 0.08125 0.3359375
2 0.7625 0.26875 0.059375 0.1765625
2 0.16640625 0.59609375 0.075 0.2640625
2 0.62421875 0.28515625 0.05625 0.19375
2 0.265625 0.18125 0.0453125 0.15625
0 0.96796875 0.05078125 0.0640625 0.1015625
2 0.7640625 0.159375 0.0484375 0.1328125
2 0.8640625 0.13671875 0.04375 0.146875
2 0.82578125 0.10859375 0.04375 0.15625
2 0.80078125 0.07578125 0.0390625 0.1515625
2 0.87109375 0.0609375 0.0359375 0.121875
1 0.54921875 0.69296875 0.0171875 0.0234375
1 0.765625 0.1171875 0.009375 0.0125
1 0.62265625 0.20390625 0.0109375 0.0140625
1 0.76171875 0.18359375 0.01171875 0.0140625
1 0.8 0.0140625 0.0078125 0.01328125