0 0.7859375 0.70234375 0.2078125 0.359375
0 0.9578125 0.096875 0.084375 0.1625
2 0.18984375 0.58125 0.08125 0.2515625
2 0.45546875 0.80625 0.0953125 0.2921875
2 0.059375 0.7359375 0.0890625 0.303125
2 0.76015625 0.225 0.0546875 0.1984375
2 0.35703125 0.315625 0.0640625 0.215625
2 0.17890625 0.38515625 0.059375 0.20625
2 0.44140625 0.92890625 0.1078125 0.1421875
2 0.80703125 0.1015625 0.0484375 0.159375
2 0.29765625 0.27109375 0.046875 0.1828125
2 0.25390625 0.2421875 0.04375 0.171875
2 0.86875 0.0609375 0.040625 0.1203125
2 0.9390625 0.01484375 0.03125 0.0296875
2 0.90625 0.06484375 0.0375 0.1296875
1 0.3546875 0.24765625 0.0125 0.0140625
1 0.44140625 0.88828125 0.0203125 0.0265625
1 0.7578125 0.15625 0.009375 0.0125
1 0.44765625 0.703125 0.01875 0.0265625
1 0.05 0.64765625 0.0140625 0.02265625
1 0.1890625 0.490625 0.0125 0.01640625
1 0.8046875 0.04375 0.009375 0.01171875