2 0.35390625 0.63515625 0.0734375 0.265625
2 0.0625 0.4375 0.05859375 0.1890625
2 0.26796875 0.940625 0.06953125 0.11875
2 0.18125 0.465625 0.0515625 0.1890625
0 0.7875 0.06484375 0.05703125 0.08515625
2 0.6109375 0.3453125 0.04453125 0.1796875
2 0.55234375 0.23046875 0.04375 0.1421875
2 0.22734375 0.12265625 0.034375 0.1234375
2 0.671875 0.1578125 0.03671875 0.1265625
2 0.3109375 0.10390625 0.03125 0.1109375
2 0.52578125 0.13984375 0.03125 0.115625
2 0.56953125 0.084375 0.0234375 0.0859375
2 0.89921875 0.1265625 0.034375 0.12578125
2 0.60078125 0.24921875 0.03984375 0.11875
0 0.5234375 0.95546875 0.1921875 0.08828125
2 0.61953125 0.21875 0.034375 0.14375
0 0.621875 0.04375 0.05859375 0.0875
2 0.97421875 0.1 0.028125 0.11953125
2 0.225 0.021875 0.021875 0.04375
2 0.303125 0.03125 0.02421875 0.06171875
2 0.27109375 0.078125 0.0296875 0.10703125
2 0.65546875 0.078125 0.02578125 0.0921875
0 0.721875 0.02265625 0.04921875 0.0453125
2 0.23828125 0.0421875 0.0234375 0.0796875
2 0.84296875 0.0765625 0.02890625 0.11796875
2 0.28203125 0.0375 0.021875 0.07421875
2 0.521875 0.04453125 0.01875 0.07265625
2 0.259375 0.05546875 0.0234375 0.09765625
1 0.34296875 0.5390625 0.0140625 0.021875
1 0.61875 0.16484375 0.009375 0.015625
1 0.60703125 0.27265625 0.0109375 0.0171875
1 0.059375 0.3640625 0.01171875 0.02109375
1 0.26796875 0.92265625 0.01875 0.02890625
1 0.178125 0.396875 0.0109375 0.01875