2 0.415625 0.33984375 0.059375 0.2046875
2 0.540625 0.4390625 0.0609375 0.2375
2 0.56796875 0.24453125 0.05625 0.2
2 0.37421875 0.88828125 0.0921875 0.2234375
2 0.32109375 0.58046875 0.0703125 0.2640625
2 0.6546875 0.4734375 0.0671875 0.2640625
2 0.56015625 0.91796875 0.1 0.1640625
0 0.30234375 0.1640625 0.134375 0.21875
0 0.453125 0.0234375 0.09375 0.046875
1 0.56875 0.17265625 0.0125 0.01953125
1 0.32265625 0.48125 0.0171875 0.02734375
2 0.09140625 0.47890625 0.06875 0.25703125
1 0.53984375 0.3484375 0.01171875 0.01875
1 0.41640625 0.2625 0.01171875 0.015625