0 0.84375 0.60546875 0.2140625 0.3921875
2 0.60625 0.525 0.075 0.25625
2 0.47578125 0.8640625 0.1015625 0.271875
2 0.30234375 0.87890625 0.0875 0.2421875
2 0.31640625 0.26953125 0.0546875 0.1875
2 0.390625 0.5625 0.078125 0.271875
2 0.41015625 0.11328125 0.0390625 0.1390625
2 0.2984375 0.75859375 0.0953125 0.284375
2 0.61875 0.69765625 0.0859375 0.284375
2 0.85234375 0.0984375 0.0390625 0.14609375
2 0.9125 0.0109375 0.04375 0.021875
1 0.609375 0.42890625 0.015625 0.0234375
1 0.303125 0.78984375 0.01875 0.0265625
1 0.28984375 0.6484375 0.0203125 0.021875
1 0.3921875 0.46640625 0.0125 0.0171875
1 0.615625 0.578125 0.01640625 0.02734375
1 0.4125 0.0609375 0.00859375 0.0140625
1 0.85078125 0.040625 0.01015625 0.015625