2 0.63671875 0.27578125 0.0515625 0.196875
2 0.4140625 0.20234375 0.046875 0.18125
2 0.45625 0.72421875 0.0953125 0.30625
0 0.30078125 0.165625 0.1296875 0.228125
2 0.5640625 0.09453125 0.04375 0.1578125
2 0.325 0.66953125 0.0890625 0.3
2 0.75625 0.109375 0.0484375 0.178125
2 0.25625 0.56796875 0.0765625 0.2765625
2 0.38046875 0.28515625 0.053125 0.203125
2 0.6125 0.0328125 0.0390625 0.065625
2 0.659375 0.06015625 0.0359375 0.1203125
0 0.4546875 0.02421875 0.09375 0.0484375
1 0.3203125 0.571875 0.01953125 0.02890625
1 0.63359375 0.2015625 0.01484375 0.02109375
1 0.38203125 0.2078125 0.01328125 0.02265625
1 0.4140625 0.13515625 0.01171875 0.01875
1 0.56484375 0.03671875 0.01015625 0.01640625