2 0.59765625 0.2609375 0.0484375 0.1609375
2 0.11015625 0.4609375 0.0625 0.2078125
2 0.69453125 0.7265625 0.0890625 0.3109375
2 0.7984375 0.578125 0.09375 0.2734375
2 0.803125 0.37421875 0.0578125 0.1984375
2 0.2515625 0.4 0.05625 0.2015625
2 0.27265625 0.2265625 0.0421875 0.1546875
2 0.11796875 0.25546875 0.0453125 0.1484375
2 0.34296875 0.0984375 0.0375 0.1328125
2 0.5328125 0.12421875 0.03125 0.115625
2 0.6015625 0.06328125 0.0265625 0.0921875
2 0.546875 0.0640625 0.028125 0.0890625
2 0.2421875 0.01875 0.0265625 0.0375
2 0.58203125 0.025 0.021875 0.05
2 0.32734375 0.01328125 0.0203125 0.0265625
2 0.98203125 0.0625 0.034375 0.125
0 0.68046875 0.0921875 0.0796875 0.115625
0 0.67890625 0.02890625 0.0671875 0.0578125
2 0.1046875 0.93046875 0.08203125 0.1390625
2 0.8921875 0.01796875 0.0234375 0.0359375
0 0.9359375 0.1421875 0.0390625 0.0609375
1 0.096875 0.9 0.01875 0.025
1 0.59453125 0.20234375 0.0109375 0.0140625
1 0.79765625 0.296875 0.0109375 0.015625
1 0.10390625 0.3828125 0.0109375 0.015625
1 0.68984375 0.60703125 0.0203125 0.0265625
1 0.27109375 0.16953125 0.0078125 0.01484375
1 0.675 0.6109375 0.01171875 0.02109375
1 0.80078125 0.47890625 0.015625 0.01796875
1 0.2515625 0.325 0.0125 0.01484375
0 0.90703125 0.109375 0.09453125 0.128125
2 0.8203125 0.0265625 0.03359375 0.05234375