2 0.08828125 0.47265625 0.059375 0.196875
2 0.8796875 0.73046875 0.0828125 0.2875
2 0.60078125 0.8875 0.0875 0.225
2 0.24453125 0.48125 0.059375 0.2109375
2 0.69453125 0.459375 0.0625 0.2171875
2 0.5359375 0.24921875 0.040625 0.1484375
2 0.65390625 0.61328125 0.0765625 0.265625
2 0.97734375 0.7484375 0.0453125 0.3171875
2 0.31875 0.1359375 0.0359375 0.128125
2 0.228125 0.15234375 0.0328125 0.1171875
2 0.26484375 0.0546875 0.03125 0.0953125
2 0.23359375 0.02890625 0.0265625 0.0578125
2 0.6015625 0.1734375 0.0421875 0.1265625
2 0.5125 0.08984375 0.025 0.078125
2 0.5609375 0.0734375 0.021875 0.0765625
2 0.25625 0.16484375 0.0328125 0.121875
2 0.30078125 0.02578125 0.0234375 0.0515625
2 0.17890625 0.1828125 0.03125 0.1203125
0 0.59375 0.03125 0.0453125 0.0625
2 0.5421875 0.10390625 0.028125 0.090625
0 0.84765625 0.9625 0.2890625 0.075
2 0.6765625 0.0125 0.01875 0.025
2 0.7421875 0.02109375 0.0171875 0.0421875
1 0.990625 0.6265625 0.015625 0.021875
1 0.59765625 0.81953125 0.0171875 0.0203125
1 0.65390625 0.52421875 0.0140625 0.0203125
1 0.240625 0.4 0.0125 0.015625
1 0.8734375 0.6171875 0.015625 0.01875
1 0.69140625 0.37734375 0.0109375 0.0140625
1 0.8796875 0.346875 0.0125 0.015625
1 0.08828125 0.39296875 0.0109375 0.0140625
1 0.534375 0.19375 0.009375 0.0140625
1 0.2546875 0.11484375 0.0078125 0.0109375