0 0.85546875 0.34921875 0.1515625 0.240625
0 0.7890625 0.2328125 0.115625 0.184375
2 0.784375 0.7796875 0.0859375 0.315625
0 0.71484375 0.07578125 0.0875 0.1515625
2 0.5546875 0.18125 0.0375 0.146875
2 0.28984375 0.6359375 0.06875 0.259375
2 0.52265625 0.075 0.028125 0.0984375
2 0.61640625 0.215625 0.0390625 0.1546875
0 0.6546875 0.05234375 0.0421875 0.096875
2 0.15 0.228125 0.0328125 0.1375
2 0.61328125 0.04765625 0.025 0.090625
2 0.59296875 0.0859375 0.03125 0.1015625
2 0.28828125 0.0359375 0.025 0.071875
2 0.559375 0.06328125 0.025 0.0890625
2 0.53828125 0.03984375 0.0234375 0.0796875
2 0.30625 0.01640625 0.01875 0.0328125
2 0.62734375 0.16640625 0.0375 0.128125
0 0.640625 0.01484375 0.059375 0.0296875
2 0.98984375 0.08203125 0.0203125 0.1453125
1 0.290625 0.5296875 0.0125 0.015625
1 0.2875 0.56328125 0.015625 0.0203125
1 0.78046875 0.6625 0.0171875 0.021875
1 0.14609375 0.17109375 0.0078125 0.0109375
1 0.76640625 0.6578125 0.0125 0.0265625
1 0.55234375 0.1265625 0.01015625 0.0140625
1 0.625 0.128125 0.0125 0.01640625