0 0.75859375 0.071875 0.1125 0.14375
2 0.56328125 0.35 0.0578125 0.2328125
2 0.27421875 0.553125 0.0703125 0.2625
0 0.40078125 0.07734375 0.1078125 0.1546875
2 0.4296875 0.35546875 0.05625 0.2140625
2 0.55234375 0.91015625 0.109375 0.1796875
0 0.96328125 0.47890625 0.0734375 0.26875
2 0.38671875 0.26875 0.0515625 0.190625
2 0.11484375 0.60390625 0.06875 0.2734375
2 0.6140625 0.0640625 0.04375 0.128125
2 0.5796875 0.0234375 0.0328125 0.046875
0 0.47265625 0.021875 0.0546875 0.04375
0 0.3015625 0.16796875 0.1296875 0.228125
1 0.56328125 0.2609375 0.0140625 0.02265625
1 0.4265625 0.2734375 0.01171875 0.021875