2 0.68984375 0.2484375 0.06171875 0.21015625
2 0.90703125 0.26796875 0.06875 0.209375
2 0.47578125 0.18515625 0.0609375 0.19140625
2 0.6078125 0.221875 0.0625 0.1984375
2 0.7578125 0.225 0.06953125 0.1921875
2 0.97890625 0.4046875 0.0421875 0.21796875
2 0.83671875 0.12265625 0.04765625 0.1671875
2 0.528125 0.1328125 0.0578125 0.1640625
0 0.40546875 0.91953125 0.4796875 0.1609375
2 0.56875 0.18984375 0.0578125 0.1921875
1 0.61640625 0.14609375 0.01171875 0.0171875
1 0.76796875 0.1515625 0.0109375 0.01796875
1 0.5296875 0.07421875 0.01171875 0.01640625