0 0.646875 0.08671875 0.1328125 0.1734375
2 0.3734375 0.89140625 0.0921875 0.2171875
2 0.07734375 0.71953125 0.0765625 0.29375
2 0.659375 0.5703125 0.0671875 0.2890625
2 0.51875 0.55 0.0703125 0.2828125
2 0.3875 0.35546875 0.0625 0.225
2 0.26640625 0.71953125 0.0828125 0.3140625
2 0.47578125 0.36328125 0.059375 0.225
2 0.3421875 0.3375 0.05625 0.20625
2 0.53125 0.06875 0.0375 0.1375
2 0.5328125 0.3890625 0.05625 0.1921875
2 0.521875 0.22421875 0.0515625 0.1828125
2 0.45859375 0.05703125 0.0453125 0.1140625
2 0.2 0.35859375 0.0484375 0.2078125
0 0.9828125 0.25859375 0.034375 0.209375
2 0.4984375 0.16640625 0.0484375 0.1765625
2 0.484375 0.021875 0.040625 0.04375
1 0.39375 0.26484375 0.0125 0.0203125
1 0.34140625 0.2546875 0.0140625 0.02734375
1 0.53125 0.00546875 0.009375 0.0109375
1 0.65703125 0.46484375 0.0171875 0.02890625
1 0.384375 0.28359375 0.0125 0.0234375
2 0.0640625 0.91484375 0.090625 0.1703125
1 0.471875 0.28203125 0.0140625 0.0203125
1 0.5203125 0.16171875 0.01171875 0.02109375
0 0.29921875 0.16796875 0.1296875 0.2296875