0 0.6921875 0.315625 0.14375 0.228125
0 0.4578125 0.46484375 0.24375 0.5484375
2 0.23203125 0.66171875 0.0703125 0.2890625
2 0.1625 0.87421875 0.0828125 0.2515625
2 0.50625 0.14765625 0.040625 0.09296875
2 0.62109375 0.03125 0.0359375 0.0625
2 0.059375 0.846875 0.07421875 0.30546875
2 0.56640625 0.03125 0.028125 0.0625
2 0.98046875 0.06953125 0.0390625 0.1390625
2 0.5578125 0.17734375 0.03984375 0.14375
2 0.02109375 0.82109375 0.0421875 0.303125
1 0.23671875 0.54375 0.015625 0.03359375
1 0.55625 0.12421875 0.01015625 0.0171875
0 0.29921875 0.165625 0.134375 0.21953125
2 0.42734375 0.0828125 0.040625 0.125
0 0.94921875 0.02890625 0.0640625 0.05703125