2 0.834375 0.31796875 0.0671875 0.2109375
2 0.7203125 0.240625 0.07265625 0.22421875
2 0.88984375 0.40390625 0.06484375 0.21640625
2 0.95703125 0.26796875 0.0578125 0.1890625
2 0.59140625 0.23671875 0.05703125 0.190625
2 0.834375 0.1390625 0.05078125 0.1828125
2 0.69296875 0.13203125 0.0453125 0.1734375
2 0.47265625 0.178125 0.05625 0.1921875
2 0.646875 0.1859375 0.05546875 0.19375
2 0.9765625 0.03828125 0.046875 0.0765625
0 0.0796875 0.8578125 0.159375 0.284375
2 0.52421875 0.140625 0.0609375 0.18046875
2 0.6359375 0.11796875 0.0359375 0.1375
1 0.72578125 0.153125 0.015625 0.01875
1 0.48359375 0.10234375 0.01328125 0.01796875
2 0.59140625 0.17109375 0.06015625 0.19453125