2 0.18515625 0.34921875 0.0421875 0.1609375
2 0.33203125 0.9125 0.0984375 0.175
2 0.825 0.50390625 0.0546875 0.2328125
2 0.61171875 0.490625 0.0578125 0.228125
2 0.22578125 0.15859375 0.0359375 0.1296875
2 0.140625 0.9203125 0.0828125 0.159375
2 0.0640625 0.4140625 0.0421875 0.17421875
2 0.52734375 0.19453125 0.0359375 0.1296875
2 0.5921875 0.17578125 0.03515625 0.134375
2 0.56640625 0.1390625 0.03125 0.121875
2 0.646875 0.08828125 0.0296875 0.1078125
2 0.5078125 0.146875 0.0265625 0.1046875
2 0.58828125 0.06171875 0.021875 0.084375
2 0.6296875 0.12890625 0.0265625 0.10625
2 0.509375 0.0796875 0.021875 0.06953125
2 0.51015625 0.03125 0.0203125 0.0625
2 0.79296875 0.0375 0.0234375 0.075
2 0.56484375 0.021875 0.0203125 0.04375
2 0.725 0.00625 0.0171875 0.0125
2 0.53125 0.0390625 0.01875 0.0703125
1 0.1390625 0.8828125 0.02109375 0.03046875
1 0.82265625 0.41640625 0.01328125 0.0203125