0 0.3 0.16640625 0.13125 0.2359375
0 0.40078125 0.07578125 0.109375 0.1515625
2 0.34296875 0.534375 0.071875 0.271875
2 0.55703125 0.4203125 0.0625 0.2359375
2 0.49921875 0.2140625 0.0515625 0.18125
2 0.115625 0.403125 0.059375 0.209375
2 0.4390625 0.65625 0.07421875 0.2828125
2 0.62578125 0.03203125 0.0359375 0.0640625
0 0.471875 0.021875 0.059375 0.04375
2 0.9578125 0.009375 0.0421875 0.01875
1 0.34296875 0.4390625 0.0171875 0.03125
1 0.55703125 0.33359375 0.01484375 0.02421875
2 0.5734375 0.06640625 0.0375 0.1328125