2 0.48984375 0.84921875 0.0921875 0.3015625
2 0.7109375 0.34609375 0.0640625 0.2328125
2 0.4796875 0.1421875 0.04375 0.1625
2 0.2328125 0.29375 0.053125 0.1890625
2 0.51640625 0.0859375 0.0359375 0.153125
2 0.78359375 0.10078125 0.0453125 0.1671875
2 0.0265625 0.7984375 0.053125 0.3125
2 0.41875 0.09609375 0.0390625 0.146875
2 0.9703125 0.03203125 0.040625 0.0640625
2 0.9390625 0.0171875 0.03125 0.034375
2 0.01875 0.62109375 0.0375 0.2078125
2 0.903125 0.04453125 0.0421875 0.0890625
1 0.2296875 0.22265625 0.0125 0.0140625
1 0.0140625 0.54609375 0.015625 0.0203125
1 0.7125 0.2609375 0.0125 0.01875
1 0.48125 0.0828125 0.009375 0.0125
1 0.41953125 0.03984375 0.0078125 0.0109375
1 0.48515625 0.73984375 0.01875 0.025
1 0.5171875 0.0296875 0.0078125 0.0140625