0 0.8609375 0.40078125 0.1640625 0.2640625
0 0.9421875 0.17109375 0.115625 0.1859375
2 0.34140625 0.865625 0.09375 0.2671875
2 0.5859375 0.58203125 0.0859375 0.2828125
2 0.49375 0.771875 0.0796875 0.3234375
2 0.734375 0.3 0.059375 0.2109375
2 0.36484375 0.11953125 0.04375 0.1421875
2 0.42265625 0.25390625 0.0515625 0.184375
2 0.803125 0.07109375 0.04375 0.1421875
2 0.759375 0.23515625 0.0546875 0.184375
2 0.43984375 0.15234375 0.04375 0.1484375
2 0.68125 0.2578125 0.053125 0.19375
2 0.39453125 0.93828125 0.0859375 0.1234375
2 0.94296875 0.021875 0.03125 0.04375
2 0.59921875 0.39375 0.059375 0.2015625
2 0.89453125 0.01015625 0.0296875 0.0203125
1 0.34375 0.821875 0.01875 0.028125
1 0.34609375 0.778125 0.0171875 0.021875
1 0.7328125 0.2171875 0.0125 0.01875
1 0.48984375 0.6453125 0.0171875 0.025
1 0.58359375 0.47421875 0.0171875 0.0234375
1 0.05234375 0.29609375 0.0109375 0.0171875
1 0.60234375 0.315625 0.0140625 0.01875
1 0.425 0.178125 0.01171875 0.015625
1 0.43984375 0.09765625 0.00859375 0.0140625
2 0.04921875 0.37890625 0.05 0.19765625
1 0.68203125 0.190625 0.009375 0.0171875
1 0.57890625 0.521875 0.01015625 0.01953125
2 0.871875 0.03046875 0.0296875 0.06015625