2 0.6625 0.5203125 0.0765625 0.284375
2 0.51328125 0.5921875 0.075 0.2359375
2 0.34453125 0.8828125 0.0875 0.234375
2 0.72890625 0.71484375 0.0828125 0.35
2 0.52734375 0.80234375 0.08125 0.3390625
2 0.59375 0.35625 0.0578125 0.2140625
2 0.7328125 0.2546875 0.05625 0.2046875
2 0.775 0.38046875 0.0625 0.2375
2 0.01953125 0.47421875 0.0390625 0.2171875
2 0.20078125 0.396875 0.0609375 0.2296875
2 0.81484375 0.0578125 0.0375 0.115625
2 0.91640625 0.02421875 0.0359375 0.0484375
2 0.48515625 0.04921875 0.0328125 0.0984375
2 0.85703125 0.0421875 0.0390625 0.0828125
2 0.95546875 0.0109375 0.028125 0.021875
1 0.734375 0.571875 0.0171875 0.0234375
1 0.34375 0.80234375 0.021875 0.0265625
1 0.66171875 0.41015625 0.0140625 0.0171875
1 0.53125 0.6671875 0.021875 0.028125
1 0.19921875 0.31015625 0.0125 0.0171875
1 0.51328125 0.5078125 0.01875 0.0234375
1 0.77421875 0.2953125 0.0125 0.015625
1 0.72109375 0.615625 0.0171875 0.02265625
1 0.73125 0.18125 0.0109375 0.01640625