0 0.92890625 0.1859375 0.1421875 0.234375
2 0.29921875 0.909375 0.103125 0.18125
2 0.1390625 0.37578125 0.0578125 0.2046875
2 0.65546875 0.83125 0.0984375 0.3375
2 0.56796875 0.46484375 0.0671875 0.2484375
2 0.85546875 0.08046875 0.0421875 0.1515625
2 0.75546875 0.18359375 0.0453125 0.1765625
2 0.3953125 0.95234375 0.078125 0.0953125
1 0.3015625 0.88125 0.021875 0.03125
1 0.1359375 0.303125 0.0125 0.0203125
1 0.56796875 0.36953125 0.0140625 0.0171875
1 0.390625 0.946875 0.021875 0.028125
1 0.7546875 0.11640625 0.0109375 0.01484375
2 0.78203125 0.11796875 0.034375 0.15234375