2 0.50703125 0.8046875 0.0984375 0.325
2 0.66953125 0.29140625 0.0546875 0.1984375
2 0.90234375 0.4609375 0.06875 0.25625
2 0.71953125 0.5828125 0.071875 0.275
2 0.77890625 0.28515625 0.05625 0.203125
2 0.34921875 0.18359375 0.0484375 0.1671875
2 0.72890625 0.175 0.0515625 0.1796875
2 0.81640625 0.134375 0.05 0.159375
2 0.778125 0.071875 0.0453125 0.14375
2 0.93828125 0.06640625 0.04375 0.1328125
2 0.4578125 0.040625 0.0375 0.0796875
2 0.89609375 0.04453125 0.0421875 0.0890625
2 0.97578125 0.0328125 0.04375 0.065625
1 0.50078125 0.6796875 0.0203125 0.028125
1 0.896875 0.365625 0.015625 0.01875
1 0.77890625 0.20859375 0.0109375 0.0140625
1 0.34609375 0.121875 0.0109375 0.0125
1 0.66796875 0.21953125 0.0109375 0.0140625
1 0.72109375 0.48046875 0.01484375 0.02109375
1 0.72890625 0.11171875 0.0109375 0.015625