0 0.31171875 0.4265625 0.16875 0.2765625
0 0.78046875 0.7265625 0.221875 0.3765625
2 0.58046875 0.675 0.0859375 0.259375
2 0.365625 0.77890625 0.0921875 0.3171875
2 0.040625 0.78046875 0.0796875 0.2828125
2 0.2890625 0.71171875 0.0859375 0.2921875
2 0.596875 0.8546875 0.096875 0.290625
2 0.41484375 0.14375 0.04375 0.1609375
2 0.4859375 0.134375 0.0453125 0.1625
2 0.7703125 0.084375 0.0390625 0.1453125
2 0.5546875 0.94453125 0.103125 0.1109375
2 0.83984375 0.08515625 0.040625 0.15625
2 0.0265625 0.6046875 0.053125 0.2546875
2 0.93046875 0.0453125 0.0328125 0.090625
2 0.29609375 0.23828125 0.0515625 0.1515625
1 0.021875 0.509375 0.015625 0.01875
1 0.36015625 0.70390625 0.0140625 0.0234375
1 0.03671875 0.67265625 0.015625 0.021875