0 0.4796875 0.15859375 0.1234375 0.18125
2 0.10703125 0.71171875 0.0765625 0.3
0 0.953125 0.09296875 0.09375 0.184375
2 0.43046875 0.77109375 0.090625 0.3359375
2 0.51171875 0.53515625 0.071875 0.2578125
2 0.8703125 0.25546875 0.059375 0.2046875
2 0.29609375 0.3203125 0.053125 0.1828125
2 0.3546875 0.2234375 0.0546875 0.16875
2 0.725 0.3953125 0.0671875 0.2390625
2 0.78046875 0.13984375 0.0453125 0.1828125
2 0.70703125 0.27890625 0.05 0.1890625
2 0.3828125 0.15234375 0.0453125 0.1546875
2 0.4859375 0.03828125 0.0328125 0.0765625
2 0.82265625 0.1046875 0.046875 0.1703125
2 0.8703125 0.078125 0.04375 0.153125
1 0.29453125 0.253125 0.0125 0.01796875
1 0.70625 0.2109375 0.0140625 0.01796875
1 0.78046875 0.08203125 0.01015625 0.015625
1 0.87109375 0.2171875 0.0078125 0.0125
1 0.35390625 0.1671875 0.0109375 0.015625