0 0.39921875 0.58671875 0.21640625 0.3046875
2 0.67421875 0.5765625 0.0734375 0.2890625
0 0.40078125 0.07734375 0.109375 0.1546875
2 0.07578125 0.65859375 0.0796875 0.2640625
2 0.37578125 0.3671875 0.059375 0.1796875
2 0.5046875 0.2890625 0.059375 0.209375
2 0.646875 0.05 0.040625 0.0984375
2 0.45546875 0.946875 0.0890625 0.10625
2 0.334375 0.2546875 0.053125 0.1859375
0 0.29765625 0.16171875 0.128125 0.228125
2 0.57421875 0.015625 0.0390625 0.03125
0 0.46953125 0.02265625 0.0640625 0.0453125
2 0.99453125 0.075 0.0109375 0.146875
1 0.5015625 0.22109375 0.0125 0.0203125
1 0.37734375 0.30625 0.01328125 0.0234375
1 0.334375 0.18203125 0.0140625 0.02109375