0 0.71328125 0.30078125 0.146875 0.2640625
0 0.62890625 0.87109375 0.2421875 0.2578125
0 0.4015625 0.0765625 0.109375 0.153125
2 0.4921875 0.4546875 0.0625 0.2453125
0 0.95390625 0.121875 0.0921875 0.2046875
2 0.51953125 0.14296875 0.05 0.1734375
2 0.09921875 0.6328125 0.071875 0.284375
2 0.6640625 0.04375 0.0390625 0.0875
0 0.2984375 0.1671875 0.128125 0.2328125
2 0.6265625 0.01328125 0.040625 0.0265625
0 0.47265625 0.02265625 0.0578125 0.0453125
1 0.4921875 0.35859375 0.015625 0.0265625
1 0.51796875 0.07890625 0.0125 0.01875