2 0.4546875 0.5265625 0.0734375 0.25625
2 0.8421875 0.20625 0.0578125 0.190625
2 0.16640625 0.39296875 0.0515625 0.203125
2 0.6109375 0.41015625 0.071875 0.2328125
2 0.959375 0.11953125 0.0484375 0.1734375
2 0.6828125 0.41796875 0.071875 0.246875
2 0.8609375 0.065625 0.0453125 0.13125
2 0.675 0.234375 0.0515625 0.184375
1 0.45625 0.42578125 0.015625 0.0203125
1 0.16640625 0.315625 0.0109375 0.0125
1 0.8421875 0.134375 0.0125 0.015625
1 0.61484375 0.32265625 0.0140625 0.0171875
1 0.67421875 0.16796875 0.01015625 0.015625
1 0.68046875 0.3375 0.01328125 0.01796875