0 0.065625 0.16328125 0.1296875 0.26875
0 0.2328125 0.45 0.16953125 0.253125
2 0.034375 0.45390625 0.06015625 0.19140625
0 0.21640625 0.1578125 0.2390625 0.3140625
2 0.63984375 0.52109375 0.08046875 0.22109375
2 0.10625 0.45078125 0.05234375 0.19296875
2 0.2203125 0.59609375 0.06015625 0.240625
2 0.55859375 0.059375 0.034375 0.11875
2 0.51484375 0.4234375 0.04375 0.18671875
2 0.42890625 0.49296875 0.06328125 0.209375
2 0.384375 0.44296875 0.0453125 0.20234375
1 0.62265625 0.4328125 0.0140625 0.021875
1 0.47265625 0.30703125 0.0109375 0.0140625
1 0.3875 0.36328125 0.0125 0.01796875
2 0.49140625 0.46328125 0.05234375 0.209375
1 0.509375 0.34921875 0.0125 0.0171875