2 0.83359375 0.76171875 0.0859375 0.3296875
2 0.4125 0.7578125 0.090625 0.3
2 0.653125 0.51796875 0.0671875 0.2609375
2 0.7390625 0.4109375 0.06875 0.2421875
2 0.846875 0.53359375 0.075 0.246875
2 0.5578125 0.80546875 0.09375 0.3625
2 0.4234375 0.52734375 0.0765625 0.265625
2 0.4359375 0.11484375 0.046875 0.1578125
2 0.85546875 0.3703125 0.065625 0.209375
2 0.709375 0.7609375 0.0953125 0.3484375
2 0.38046875 0.09921875 0.0421875 0.1421875
2 0.96328125 0.00859375 0.025 0.0171875
2 0.89609375 0.01640625 0.0328125 0.0328125
2 0.27265625 0.9625 0.0859375 0.075
2 0.84140625 0.07734375 0.0359375 0.1359375
1 0.82890625 0.640625 0.0171875 0.021875
1 0.653125 0.421875 0.0125 0.01875
1 0.403125 0.68203125 0.015625 0.0203125
1 0.84296875 0.44765625 0.0140625 0.0171875
1 0.7078125 0.69921875 0.015625 0.0203125
1 0.553125 0.6796875 0.01875 0.025
1 0.85546875 0.29765625 0.0140625 0.0171875
1 0.4265625 0.4265625 0.015625 0.01875
1 0.7375 0.315625 0.0125 0.015625
1 0.2546875 0.97421875 0.021875 0.0328125
1 0.4328125 0.05859375 0.009375 0.0109375
1 0.703125 0.64375 0.0171875 0.025
1 0.8375 0.025 0.00859375 0.01015625