0 0.7859375 0.884375 0.265625 0.23125
2 0.4375 0.8375 0.0984375 0.31875
2 0.659375 0.63046875 0.0828125 0.2953125
2 0.52890625 0.65390625 0.0828125 0.3
2 0.69609375 0.2359375 0.0578125 0.2015625
2 0.296875 0.2875 0.05 0.1796875
2 0.7734375 0.225 0.053125 0.19375
2 0.39453125 0.10234375 0.0390625 0.1375
2 0.86328125 0.05 0.0390625 0.1
2 0.8890625 0.1203125 0.0484375 0.175
2 0.92109375 0.02421875 0.0390625 0.0484375
1 0.65703125 0.51484375 0.0171875 0.0234375
1 0.52890625 0.5359375 0.0171875 0.025
1 0.6921875 0.1609375 0.0125 0.015625
1 0.2953125 0.21796875 0.0125 0.0171875
1 0.77265625 0.15625 0.01171875 0.01484375