0 0.846875 0.43671875 0.1640625 0.271875
2 0.0640625 0.79296875 0.0859375 0.3
2 0.275 0.4078125 0.0703125 0.21875
2 0.5859375 0.6625 0.0796875 0.2953125
2 0.17890625 0.50859375 0.0765625 0.2546875
2 0.8125 0.13125 0.046875 0.159375
2 0.44765625 0.1875 0.053125 0.1828125
2 0.86171875 0.05078125 0.0390625 0.1015625
2 0.40546875 0.15546875 0.0421875 0.1609375
2 0.58203125 0.5109375 0.0734375 0.2625
0 0.69609375 0.94375 0.2828125 0.1125
2 0.30625 0.24609375 0.05 0.18125
0 0.978125 0.040625 0.04375 0.08125
2 0.33203125 0.1546875 0.0390625 0.1484375
2 0.9140625 0.02734375 0.0296875 0.0546875
1 0.578125 0.4171875 0.015625 0.01875
1 0.05859375 0.67421875 0.01953125 0.0265625
1 0.4453125 0.1296875 0.009375 0.0125
1 0.18046875 0.40703125 0.0140625 0.0171875
1 0.17265625 0.43671875 0.01328125 0.02265625
1 0.5921875 0.41328125 0.01328125 0.0234375
1 0.27265625 0.33359375 0.00859375 0.01484375
1 0.58515625 0.54296875 0.0140625 0.0203125