0 0.9140625 0.2140625 0.128125 0.2046875
2 0.2640625 0.32734375 0.05625 0.2
0 0.96328125 0.05234375 0.0734375 0.1046875
2 0.78515625 0.1953125 0.0484375 0.1765625
2 0.6015625 0.61875 0.0796875 0.2953125
2 0.6421875 0.3234375 0.05625 0.2078125
2 0.0875 0.52421875 0.078125 0.2453125
2 0.31171875 0.23984375 0.05 0.18125
2 0.3984375 0.2421875 0.05 0.1921875
2 0.69296875 0.19375 0.0484375 0.175
2 0.46875 0.0703125 0.0390625 0.140625
2 0.82734375 0.08046875 0.05 0.1609375
2 0.32578125 0.9609375 0.0890625 0.078125
2 0.890625 0.015625 0.0296875 0.03125
1 0.60234375 0.5078125 0.0140625 0.021875
1 0.4671875 0.01640625 0.009375 0.0109375
1 0.26484375 0.2515625 0.0109375 0.015625
1 0.7828125 0.12734375 0.009375 0.0140625
1 0.08359375 0.43984375 0.0140625 0.0171875
1 0.3984375 0.1734375 0.01171875 0.015625
1 0.3125 0.175 0.0125 0.015625
1 0.640625 0.24765625 0.0140625 0.02265625
1 0.82890625 0.0203125 0.01015625 0.0140625