0 0.9640625 0.334375 0.071875 0.271875
0 0.40078125 0.07734375 0.1078125 0.1546875
2 0.30390625 0.41484375 0.0609375 0.234375
2 0.60625 0.271875 0.05625 0.203125
2 0.59453125 0.46171875 0.0671875 0.25625
2 0.52578125 0.18984375 0.0484375 0.16875
0 0.2984375 0.1671875 0.1296875 0.23125
2 0.43515625 0.80703125 0.09375 0.36875
2 0.5515625 0.04921875 0.034375 0.0984375
2 0.5203125 0.096875 0.04375 0.115625
2 0.025 0.8703125 0.05 0.25859375
2 0.7546875 0.03125 0.0375 0.0609375
2 0.70859375 0.015625 0.0390625 0.03125
0 0.4734375 0.021875 0.05625 0.04375
1 0.6046875 0.20390625 0.0140625 0.0234375
1 0.42890625 0.703125 0.0203125 0.03515625
1 0.43828125 0.65625 0.02109375 0.03125
1 0.59375 0.3625 0.01484375 0.02890625