0 0.2296875 0.4484375 0.1671875 0.246875
0 0.9203125 0.19296875 0.13125 0.2328125
2 0.53671875 0.56484375 0.078125 0.2578125
2 0.46328125 0.84765625 0.090625 0.3046875
2 0.1546875 0.3421875 0.0609375 0.2140625
2 0.53203125 0.0796875 0.0390625 0.1546875
2 0.72734375 0.27109375 0.0484375 0.178125
2 0.5 0.0484375 0.0390625 0.096875
2 0.93203125 0.01328125 0.034375 0.0265625
2 0.71328125 0.19765625 0.0453125 0.1671875
0 0.9796875 0.04453125 0.040625 0.0890625
2 0.8765625 0.04921875 0.0453125 0.096875
2 0.82890625 0.0328125 0.0359375 0.065625
1 0.15625 0.26640625 0.0125 0.0140625
1 0.7125 0.13515625 0.0125 0.0140625
1 0.53515625 0.46796875 0.0171875 0.0203125
1 0.72578125 0.19296875 0.0125 0.0140625