0 0.92265625 0.1984375 0.125 0.19375
0 0.5 0.13515625 0.109375 0.165625
2 0.2125 0.3484375 0.05234375 0.19921875
2 0.16640625 0.53515625 0.0765625 0.26484375
2 0.315625 0.94296875 0.065625 0.11328125
2 0.27734375 0.45 0.0546875 0.22578125
2 0.33671875 0.26640625 0.04921875 0.17734375
2 0.56015625 0.41953125 0.05625 0.21796875
2 0.05625 0.52265625 0.0609375 0.228125
2 0.39453125 0.13984375 0.034375 0.153125
2 0.78828125 0.0703125 0.0375 0.140625
2 0.47421875 0.03984375 0.028125 0.0796875
2 0.92734375 0.01640625 0.03046875 0.0328125
2 0.87578125 0.08125 0.034375 0.13828125
1 0.05546875 0.43359375 0.01484375 0.028125
1 0.2765625 0.36328125 0.0171875 0.021875
1 0.33359375 0.2015625 0.0125 0.01953125
2 0.85078125 0.071875 0.0265625 0.1375