0 0.91171875 0.2640625 0.14375 0.234375
2 0.63984375 0.86640625 0.09609375 0.26640625
2 0.60859375 0.59296875 0.07578125 0.28359375
2 0.5265625 0.41328125 0.05703125 0.2265625
2 0.3640625 0.2515625 0.0421875 0.1796875
2 0.8109375 0.09921875 0.04296875 0.15078125
2 0.7671875 0.44921875 0.071875 0.25625
2 0.66171875 0.46015625 0.06875 0.2453125
2 0.715625 0.58125 0.06953125 0.2859375
2 0.75234375 0.22421875 0.05 0.17578125
2 0.721875 0.34296875 0.0625 0.2203125
2 0.9453125 0.0171875 0.02890625 0.034375
2 0.98359375 0.02578125 0.03046875 0.0515625
2 0.9109375 0.084375 0.0421875 0.1515625
2 0.88125 0.07109375 0.0390625 0.1421875
2 0.24765625 0.24453125 0.0375 0.16796875
2 0.01015625 0.70546875 0.0203125 0.25625
2 0.8609375 0.02265625 0.034375 0.0453125
2 0.9140625 0.01875 0.025 0.0375
1 0.709375 0.4765625 0.015625 0.025
1 0.52890625 0.33046875 0.01328125 0.0203125
1 0.63828125 0.7734375 0.0234375 0.03359375
1 0.76796875 0.35234375 0.01640625 0.02109375
1 0.6625 0.3703125 0.01640625 0.02578125
1 0.61328125 0.49375 0.01328125 0.02578125