2 0.49453125 0.8875 0.07265625 0.225
2 0.08828125 0.434375 0.0578125 0.1875
2 0.790625 0.75078125 0.07734375 0.29921875
2 0.7359375 0.9328125 0.08984375 0.13359375
2 0.28671875 0.12578125 0.02890625 0.115625
2 0.58984375 0.2296875 0.04453125 0.14375
0 0.78515625 0.0765625 0.06796875 0.08125
2 0.9046875 0.06875 0.01953125 0.0890625
2 0.5203125 0.15625 0.0296875 0.1109375
2 0.6171875 0.17265625 0.0328125 0.13203125
2 0.74296875 0.01484375 0.015625 0.0296875
2 0.51875 0.05078125 0.01953125 0.0703125
2 0.55703125 0.16328125 0.0296875 0.11640625
2 0.79765625 0.01796875 0.0171875 0.0359375
2 0.54453125 0.096875 0.021875 0.084375
2 0.575 0.121875 0.025 0.0859375
2 0.53671875 0.18125 0.028125 0.1125
2 0.99140625 0.125 0.0171875 0.12265625
1 0.734375 0.9171875 0.0203125 0.03515625
1 0.78984375 0.6546875 0.01640625 0.02578125
1 0.49375 0.8140625 0.01796875 0.02734375
2 0.8203125 0.0328125 0.01875 0.065625
2 0.70078125 0.02265625 0.0140625 0.0453125
1 0.71171875 0.909375 0.015625 0.03046875