2 0.815625 0.62109375 0.0734375 0.29375
2 0.35859375 0.78828125 0.090625 0.3125
2 0.58828125 0.453125 0.0703125 0.2296875
2 0.65546875 0.78984375 0.0984375 0.3453125
2 0.66640625 0.56953125 0.075 0.2546875
2 0.50078125 0.70390625 0.0828125 0.325
2 0.553125 0.7953125 0.0828125 0.346875
2 0.26484375 0.9046875 0.090625 0.190625
2 0.81875 0.13359375 0.04375 0.159375
2 0.95390625 0.0140625 0.028125 0.028125
1 0.3546875 0.66796875 0.01875 0.0265625
1 0.2578125 0.8453125 0.021875 0.03125
1 0.55859375 0.66875 0.0171875 0.021875
1 0.6484375 0.65390625 0.01875 0.0234375
1 0.49921875 0.59140625 0.0171875 0.02734375
1 0.665625 0.47109375 0.0125 0.0171875
1 0.8140625 0.51484375 0.015625 0.0203125
2 0.4921875 0.0296875 0.03125 0.059375
2 0.903125 0.02421875 0.02734375 0.046875