2 0.33671875 0.89140625 0.096875 0.2171875
2 0.87734375 0.5796875 0.078125 0.290625
2 0.58671875 0.3390625 0.059375 0.2203125
2 0.43828125 0.715625 0.09375 0.309375
2 0.7546875 0.2375 0.0515625 0.178125
2 0.934375 0.1359375 0.046875 0.18125
2 0.92734375 0.0203125 0.0296875 0.040625
2 0.9609375 0.00703125 0.021875 0.0140625
2 0.90859375 0.009375 0.021875 0.01875
0 0.99296875 0.02734375 0.0140625 0.0546875
1 0.878125 0.4671875 0.015625 0.021875
1 0.75390625 0.16796875 0.0109375 0.0140625
1 0.334375 0.82421875 0.021875 0.0296875
1 0.4390625 0.61640625 0.0171875 0.025
1 0.4390625 0.58359375 0.01640625 0.02109375
1 0.5859375 0.25703125 0.0109375 0.015625