0 0.80625 0.06640625 0.0609375 0.0953125
2 0.66796875 0.55546875 0.0703125 0.2375
2 0.80078125 0.76953125 0.0765625 0.29375
2 0.7828125 0.42421875 0.05625 0.209375
2 0.52421875 0.23515625 0.04375 0.14375
2 0.59921875 0.746875 0.0859375 0.31875
2 0.59765625 0.20078125 0.0375 0.1328125
2 0.24609375 0.02265625 0.021875 0.04375
2 0.9859375 0.13046875 0.028125 0.1296875
0 0.73359375 0.01953125 0.0453125 0.0390625
2 0.86953125 0.97109375 0.1171875 0.0578125
2 0.5328125 0.05078125 0.015625 0.040625
2 0.93046875 0.09609375 0.03125 0.1171875
2 0.56328125 0.03828125 0.015625 0.046875
2 0.5796875 0.01171875 0.0109375 0.021875
1 0.79375 0.65234375 0.015625 0.0234375
1 0.78125 0.3421875 0.0125 0.015625
1 0.66640625 0.47109375 0.0140625 0.0171875
1 0.59765625 0.646875 0.0140625 0.01875
1 0.58515625 0.61796875 0.01484375 0.0265625
1 0.521875 0.18359375 0.00859375 0.0140625
1 0.5953125 0.15 0.00859375 0.0125