2 0.8421875 0.90390625 0.0890625 0.1921875
2 0.5359375 0.38125 0.059375 0.2078125
2 0.20390625 0.70859375 0.071875 0.2859375
2 0.02734375 0.659375 0.0546875 0.2671875
2 0.68046875 0.41015625 0.06875 0.234375
0 0.646875 0.028125 0.0578125 0.05625
2 0.0875 0.73046875 0.0640625 0.2765625
2 0.97578125 0.55 0.0484375 0.265625
2 0.55703125 0.26328125 0.0484375 0.1625
2 0.221875 0.07109375 0.0328125 0.1109375
2 0.540625 0.01875 0.0234375 0.0375
2 0.25859375 0.0390625 0.0359375 0.078125
2 0.6421875 0.1515625 0.0375 0.1359375
2 0.59375 0.13515625 0.0375 0.128125
2 0.59375 0.05 0.0296875 0.0890625
2 0.96953125 0.06015625 0.034375 0.1171875
2 0.5578125 0.16484375 0.040625 0.13125
2 0.56640625 0.09453125 0.0328125 0.103125
2 0.8375 0.0234375 0.0265625 0.046875
2 0.78125 0.0078125 0.021875 0.015625
2 0.80625 0.009375 0.01875 0.01875
2 0.875 0.021875 0.025 0.04375
1 0.98046875 0.44609375 0.0140625 0.0203125
1 0.021875 0.55390625 0.015625 0.0234375
1 0.08671875 0.61640625 0.0171875 0.0203125
1 0.53125 0.3015625 0.0125 0.015625
1 0.83984375 0.84765625 0.0203125 0.0265625
1 0.6765625 0.3296875 0.0140625 0.0203125
1 0.55390625 0.2046875 0.00859375 0.01015625
1 0.640625 0.10234375 0.0078125 0.01015625
1 0.55625 0.11796875 0.00703125 0.0109375