0 0.8875 0.328125 0.14375 0.2421875
0 0.96640625 0.06875 0.0671875 0.1375
2 0.6125 0.7578125 0.0875 0.321875
2 0.78515625 0.88671875 0.1046875 0.2265625
2 0.428125 0.81171875 0.0890625 0.2828125
2 0.7640625 0.221875 0.0484375 0.1890625
2 0.46484375 0.62421875 0.0734375 0.2578125
2 0.5734375 0.4296875 0.0703125 0.23125
2 0.453125 0.9265625 0.10625 0.146875
2 0.8859375 0.1390625 0.04375 0.1609375
2 0.840625 0.0734375 0.04375 0.146875
2 0.53046875 0.340625 0.05625 0.21875
2 0.92578125 0.00703125 0.0328125 0.0140625
1 0.45 0.8953125 0.021875 0.028125
1 0.7640625 0.1515625 0.0125 0.01796875
1 0.56953125 0.34296875 0.01328125 0.01953125