2 0.65546875 0.69375 0.06796875 0.27265625
2 0.3203125 0.52109375 0.053125 0.2109375
2 0.68828125 0.46015625 0.06484375 0.240625
2 0.2125 0.56875 0.06484375 0.2359375
2 0.16796875 0.7953125 0.08125 0.25625
2 0.6453125 0.2484375 0.04375 0.1578125
2 0.18671875 0.26875 0.040625 0.1546875
2 0.59140625 0.2875 0.0484375 0.1734375
2 0.559375 0.38203125 0.0515625 0.2
0 0.62265625 0.03828125 0.05 0.0703125
2 0.57109375 0.17578125 0.034375 0.1328125
2 0.54453125 0.11796875 0.0296875 0.10390625
2 0.25 0.040625 0.0234375 0.0796875
2 0.578125 0.01640625 0.015625 0.0328125
2 0.98671875 0.13046875 0.0265625 0.1359375
2 0.7390625 0.009375 0.015625 0.01875
1 0.18671875 0.209375 0.01015625 0.01640625
1 0.678125 0.365625 0.01015625 0.01875
1 0.64453125 0.1890625 0.009375 0.0140625
2 0.50234375 0.0609375 0.01953125 0.07578125
2 0.82890625 0.0515625 0.02265625 0.0890625
2 0.8625 0.05859375 0.01953125 0.09453125
2 0.88671875 0.040625 0.0171875 0.08125
2 0.97734375 0.09765625 0.0296875 0.11484375