2 0.31953125 0.87734375 0.0921875 0.2453125
2 0.3859375 0.7234375 0.0953125 0.303125
2 0.2671875 0.25234375 0.0546875 0.184375
2 0.509375 0.3859375 0.0640625 0.2265625
2 0.68203125 0.346875 0.065625 0.2234375
2 0.134375 0.46484375 0.0703125 0.23125
2 0.86328125 0.11640625 0.046875 0.1625
2 0.92109375 0.0140625 0.0359375 0.028125
1 0.3828125 0.6109375 0.01640625 0.02734375
1 0.68046875 0.2640625 0.01328125 0.01796875
2 0.1453125 0.92890625 0.0984375 0.1421875
1 0.39921875 0.6015625 0.01640625 0.0296875