0 0.14765625 0.5953125 0.209375 0.290625
2 0.8859375 0.3703125 0.0671875 0.23125
2 0.82265625 0.6046875 0.078125 0.3
2 0.68359375 0.246875 0.0484375 0.1921875
2 0.6359375 0.41640625 0.0703125 0.2328125
2 0.6921875 0.93046875 0.1 0.1390625
2 0.259375 0.26171875 0.0453125 0.190625
0 0.35546875 0.9421875 0.26875 0.115625
2 0.853125 0.0796875 0.0375 0.1453125
2 0.4859375 0.046875 0.0328125 0.09375
2 0.946875 0.0109375 0.0296875 0.021875
1 0.68125 0.1734375 0.0125 0.01953125
1 0.88671875 0.2859375 0.01328125 0.021875
1 0.82578125 0.49296875 0.0171875 0.0265625
1 0.690625 0.93046875 0.0234375 0.03828125