0 0.6921875 0.5765625 0.190625 0.346875
2 0.35859375 0.153125 0.05625 0.203125
2 0.20859375 0.6453125 0.07890625 0.2796875
2 0.1828125 0.09375 0.053125 0.18125
2 0.290625 0.2265625 0.05390625 0.2109375
2 0.46015625 0.48828125 0.0609375 0.2703125
2 0.31796875 0.64296875 0.07890625 0.29296875
2 0.3625 0.478125 0.06328125 0.2875
2 0.284375 0.071875 0.05546875 0.14375
2 0.10859375 0.453125 0.05234375 0.246875
1 0.31484375 0.5390625 0.01640625 0.034375
1 0.35546875 0.0796875 0.009375 0.01875
1 0.28515625 0.01015625 0.01015625 0.01640625
1 0.459375 0.37890625 0.01640625 0.03359375
1 0.359375 0.3578125 0.01875 0.0265625
1 0.36328125 0.3875 0.01171875 0.0265625
1 0.2109375 0.540625 0.01953125 0.028125
1 0.290625 0.14609375 0.0140625 0.01875