0 0.3203125 0.15859375 0.08125 0.13125
0 0.40859375 0.34453125 0.08203125 0.1625
0 0.665625 0.0515625 0.0734375 0.103125
2 0.13515625 0.81640625 0.053125 0.2546875
2 0.26875 0.80546875 0.06796875 0.26796875
2 0.24921875 0.29609375 0.0484375 0.1421875
2 0.1125 0.55703125 0.0453125 0.19375
0 0.565625 0.6265625 0.27109375 0.7453125
2 0.86328125 0.0640625 0.025 0.09296875
2 0.96484375 0.16640625 0.034375 0.10703125
2 0.23671875 0.028125 0.02265625 0.05625
2 0.9875 0.303125 0.025 0.13125
2 0.80859375 0.04921875 0.02578125 0.0890625
0 0.6140625 0.01640625 0.05625 0.0328125
0 0.72421875 0.01875 0.05390625 0.03671875
1 0.1125 0.48359375 0.01328125 0.02109375
0 0.76640625 0.0734375 0.0703125 0.09609375
1 0.2484375 0.25234375 0.009375 0.01484375