0 0.51328125 0.378125 0.20546875 0.5640625
0 0.3328125 0.0609375 0.0640625 0.10859375
0 0.6828125 0.078125 0.07421875 0.11328125
2 0.2828125 0.35078125 0.04375 0.165625
2 0.20390625 0.58671875 0.053125 0.20625
2 0.16015625 0.30625 0.03359375 0.1375
2 0.25546875 0.13359375 0.034375 0.1125
2 0.15078125 0.45703125 0.04140625 0.175
0 0.85859375 0.178125 0.053125 0.1125
0 0.3984375 0.19296875 0.046875 0.1265625
2 0.11875 0.6109375 0.0578125 0.2109375
2 0.96640625 0.1484375 0.0296875 0.109375
2 0.134375 0.1890625 0.0234375 0.1265625
0 0.7484375 0.15625 0.065625 0.1484375
2 0.7 0.0140625 0.0234375 0.0265625
0 0.81640625 0.07421875 0.059375 0.096875
2 0.7359375 0.05078125 0.025 0.090625
0 0.9078125 0.18359375 0.0359375 0.103125
0 0.7984375 0.1515625 0.025 0.075
1 0.20625 0.5109375 0.0125 0.021875
1 0.28359375 0.2890625 0.009375 0.01328125
1 0.1609375 0.25625 0.009375 0.015625
1 0.1328125 0.13671875 0.0078125 0.0140625
1 0.2546875 0.09609375 0.0078125 0.015625