2 0.1984375 0.1515625 0.03203125 0.115625
2 0.25234375 0.2484375 0.0421875 0.140625
2 0.32421875 0.36640625 0.03984375 0.1578125
2 0.05390625 0.64453125 0.05 0.2140625
2 0.1390625 0.22421875 0.0375 0.134375
2 0.90078125 0.1421875 0.021875 0.103125
2 0.134375 0.075 0.03125 0.10859375
1 0.325 0.31015625 0.01015625 0.015625
1 0.25234375 0.1953125 0.00859375 0.01640625
1 0.19921875 0.10390625 0.00859375 0.01328125
1 0.13984375 0.1734375 0.00859375 0.0125
1 0.134375 0.03125 0.00859375 0.01171875
2 0.05703125 0.9234375 0.0765625 0.153125
2 0.96953125 0.1765625 0.021875 0.1203125
2 0.93203125 0.14296875 0.0234375 0.10859375