0 0.4875 0.1828125 0.0875 0.1359375
0 0.3578125 0.1953125 0.09296875 0.14765625
2 0.06875 0.5609375 0.0578125 0.21796875
2 0.18046875 0.56484375 0.0515625 0.20625
0 0.2546875 0.0328125 0.0546875 0.065625
2 0.9453125 0.37265625 0.04140625 0.1578125
2 0.14453125 0.09765625 0.028125 0.10625
2 0.96171875 0.2 0.03125 0.10625
2 0.8546875 0.1578125 0.03203125 0.12265625
1 0.1453125 0.05859375 0.00859375 0.01328125
2 0.875 0.14375 0.0234375 0.1046875
2 0.7078125 0.03359375 0.02109375 0.0671875
1 0.18046875 0.490625 0.01328125 0.01953125