0 0.725 0.16484375 0.0796875 0.10625
0 0.93125 0.58828125 0.1375 0.2390625
0 0.65546875 0.06015625 0.0640625 0.0875
2 0.2578125 0.62734375 0.0515625 0.203125
2 0.2609375 0.2296875 0.040625 0.13125
0 0.31484375 0.03046875 0.059375 0.0609375
2 0.2125 0.14453125 0.0359375 0.1078125
2 0.94375 0.1734375 0.0359375 0.10625
2 0.1875 0.109375 0.0328125 0.1046875
2 0.85703125 0.12734375 0.0265625 0.090625
0 0.6484375 0.00625 0.0609375 0.0109375
1 0.11953125 0.24765625 0.00859375 0.0140625
1 0.2625 0.18125 0.00859375 0.01796875