0 0.4875 0.5421875 0.14296875 0.2671875
2 0.28828125 0.559375 0.04765625 0.19375
2 0.2796875 0.8515625 0.065625 0.2515625
2 0.29609375 0.12265625 0.0328125 0.1046875
0 0.86015625 0.36328125 0.053125 0.178125
0 0.45 0.15390625 0.13125 0.3078125
2 0.25625 0.11796875 0.0328125 0.1078125
2 0.1984375 0.19140625 0.0328125 0.1265625
2 0.10390625 0.87421875 0.07734375 0.2515625
0 0.3625 0.06171875 0.04375 0.09375
2 0.2328125 0.075 0.025 0.09375
0 0.9234375 0.365625 0.0671875 0.1796875
2 0.2875 0.04921875 0.0296875 0.09375
2 0.9125 0.25 0.0375 0.065625
1 0.29609375 0.08125 0.00625 0.0109375
1 0.25625 0.0796875 0.0078125 0.01171875
1 0.19921875 0.1453125 0.009375 0.0125
1 0.2875 0.01328125 0.00625 0.009375
1 0.23203125 0.03984375 0.0078125 0.01171875
0 0.15546875 0.103125 0.01953125 0.10390625