0 0.578125 0.23359375 0.0921875 0.1359375
2 0.17265625 0.2546875 0.0421875 0.1421875
2 0.23046875 0.26015625 0.040625 0.146875
2 0.325 0.2703125 0.04140625 0.14140625
2 0.2234375 0.06796875 0.0296875 0.1
2 0.0609375 0.34453125 0.0453125 0.15625
2 0.48671875 0.06328125 0.0234375 0.09375
2 0.29140625 0.24296875 0.0375 0.140625
2 0.328125 0.16796875 0.0359375 0.1265625
1 0.29375 0.19375 0.009375 0.01484375
1 0.23203125 0.203125 0.0109375 0.01328125
1 0.059375 0.28125 0.009375 0.01796875
1 0.171875 0.2 0.009375 0.01328125
1 0.3265625 0.12265625 0.0078125 0.0125
1 0.22421875 0.03046875 0.0078125 0.01015625