0 0.6015625 0.27890625 0.0953125 0.1390625
2 0.290625 0.53828125 0.0546875 0.2
2 0.80546875 0.45390625 0.05625 0.175
2 0.03359375 0.6125 0.0640625 0.2140625
2 0.0953125 0.44453125 0.05625 0.1859375
2 0.13828125 0.3796875 0.046875 0.1671875
2 0.321875 0.71328125 0.059375 0.23125
2 0.18671875 0.7375 0.0578125 0.240625
2 0.41953125 0.73359375 0.059375 0.2375
2 0.1703125 0.5421875 0.053125 0.2046875
2 0.303125 0.94375 0.065625 0.1125
2 0.253125 0.13125 0.0328125 0.1203125
2 0.54375 0.12109375 0.03046875 0.1125
2 0.20703125 0.0421875 0.025 0.084375
1 0.41953125 0.640625 0.0140625 0.0265625
1 0.32109375 0.6265625 0.0140625 0.0265625
1 0.1734375 0.47265625 0.0125 0.0171875
1 0.09921875 0.37578125 0.0109375 0.0234375
1 0.13984375 0.3265625 0.01171875 0.0171875
1 0.25234375 0.08671875 0.009375 0.01484375