0 0.23984375 0.35390625 0.1078125 0.1703125
0 0.378125 0.26328125 0.10234375 0.175
0 0.84609375 0.2234375 0.1265625 0.14296875
2 0.06796875 0.5734375 0.0515625 0.20625
2 0.09921875 0.290625 0.040625 0.1453125
0 0.34140625 0.05234375 0.071875 0.1046875
2 0.1328125 0.21875 0.040625 0.1375
0 0.40859375 0.03828125 0.0734375 0.0765625
2 0.01953125 0.39609375 0.0296875 0.165625
0 0.8046875 0.1265625 0.0953125 0.12578125
2 0.140625 0.078125 0.02265625 0.10859375
1 0.01875 0.33046875 0.00859375 0.01796875
1 0.10078125 0.234375 0.01015625 0.01796875
1 0.13203125 0.17265625 0.00859375 0.015625
1 0.14140625 0.0375 0.00703125 0.01171875
2 0.165625 0.015625 0.01796875 0.03125