0 0.44375 0.246875 0.1 0.1734375
0 0.4171875 0.078125 0.103125 0.15625
2 0.25078125 0.434375 0.03984375 0.16875
2 0.11640625 0.371875 0.0390625 0.1578125
2 0.3765625 0.41015625 0.04453125 0.1765625
2 0.1921875 0.25078125 0.0421875 0.134375
2 0.234375 0.3515625 0.0359375 0.1484375
2 0.27890625 0.08203125 0.02578125 0.096875
2 0.96875 0.18203125 0.034375 0.11875
2 0.2859375 0.02734375 0.021875 0.0546875
2 0.1953125 0.03046875 0.0171875 0.059375
1 0.375 0.3453125 0.01015625 0.01328125
1 0.11640625 0.309375 0.0109375 0.01875
1 0.2359375 0.29609375 0.009375 0.01484375
1 0.253125 0.3703125 0.01015625 0.0140625