0 0.3125 0.17109375 0.08515625 0.121875
0 0.65625 0.38828125 0.134375 0.171875
2 0.2703125 0.79921875 0.05234375 0.2625
2 0.171875 0.315625 0.03828125 0.146875
2 0.94765625 0.63671875 0.05859375 0.209375
2 0.84140625 0.05859375 0.03125 0.090625
2 0.25546875 0.0328125 0.02578125 0.065625
2 0.64140625 0.2609375 0.03671875 0.09375
2 0.8015625 0.09140625 0.03125 0.1046875
1 0.64140625 0.23046875 0.0109375 0.0140625
1 0.1703125 0.26015625 0.009375 0.01796875
1 0.26953125 0.70234375 0.01640625 0.03046875