0 0.68359375 0.44375 0.1359375 0.1859375
0 0.91328125 0.3859375 0.06875 0.15
0 0.78359375 0.5875 0.1671875 0.2109375
0 0.69140625 0.08984375 0.078125 0.1015625
2 0.23359375 0.45234375 0.046875 0.1703125
2 0.265625 0.01796875 0.025 0.0359375
2 0.3 0.0171875 0.0234375 0.034375
2 0.209375 0.015625 0.0203125 0.03125
2 0.23125 0.028125 0.025 0.05625
0 0.8546875 0.384375 0.04375 0.146875
1 0.14375 0.1671875 0.009375 0.0125
1 0.2359375 0.38671875 0.009375 0.0109375
1 0.11015625 0.16015625 0.00859375 0.01796875