2 0.21875 0.25859375 0.0375 0.1390625
2 0.28125 0.21796875 0.0359375 0.13671875
2 0.33046875 0.25703125 0.03671875 0.1390625
2 0.2578125 0.04609375 0.025 0.0921875
2 0.321875 0.084375 0.0328125 0.1109375
2 0.6640625 0.2609375 0.03671875 0.14375
2 0.2078125 0.16015625 0.03046875 0.11875
2 0.221875 0.11484375 0.0328125 0.1078125
1 0.2796875 0.165625 0.0078125 0.0125
1 0.2203125 0.2015625 0.00859375 0.01328125
1 0.21015625 0.11484375 0.0078125 0.0125
1 0.25703125 0.0078125 0.00703125 0.0125
1 0.22421875 0.07421875 0.00703125 0.01171875