0 0.42578125 0.75859375 0.2015625 0.48125
0 0.94375 0.36640625 0.11171875 0.165625
0 0.59921875 0.3109375 0.0953125 0.15
0 0.65703125 0.42734375 0.125 0.171875
2 0.08984375 0.5078125 0.0484375 0.1828125
2 0.1703125 0.61171875 0.053125 0.203125
2 0.24296875 0.45625 0.03828125 0.18125
0 0.7875 0.2359375 0.08984375 0.11875
2 0.234375 0.12578125 0.028125 0.109375
0 0.63203125 0.03359375 0.04375 0.0671875
2 0.39375 0.0640625 0.028125 0.096875
2 0.24375 0.021875 0.015625 0.04375
2 0.90703125 0.18046875 0.03125 0.109375
2 0.93515625 0.20859375 0.0296875 0.1078125
1 0.24609375 0.39375 0.01015625 0.01640625
1 0.0921875 0.4359375 0.0125 0.02265625
1 0.1625 0.07109375 0.00625 0.01171875