0 0.58125 0.23515625 0.09375 0.134375
2 0.1359375 0.42421875 0.0515625 0.175
2 0.06015625 0.35546875 0.0453125 0.1625
2 0.33203125 0.12890625 0.028125 0.115625
2 0.3875 0.31484375 0.0390625 0.1546875
2 0.32734375 0.28125 0.040625 0.14375
2 0.175 0.2671875 0.04140625 0.14375
2 0.225 0.28671875 0.03828125 0.1484375
2 0.28203125 0.265625 0.03828125 0.14375
2 0.66484375 0.253125 0.0390625 0.13359375
2 0.14296875 0.1890625 0.0359375 0.128125
2 0.4109375 0.015625 0.01875 0.03125
2 0.1421875 0.11015625 0.02734375 0.0765625
1 0.0625 0.29296875 0.009375 0.0171875
1 0.3265625 0.2296875 0.009375 0.01328125
1 0.38828125 0.2578125 0.01015625 0.01796875
1 0.2265625 0.23203125 0.009375 0.0140625
1 0.1796875 0.2140625 0.00859375 0.0125
1 0.14609375 0.13828125 0.00859375 0.0140625