0 0.63671875 0.465625 0.178125 0.28515625
2 0.21875 0.64609375 0.08125 0.2984375
2 0.4359375 0.11328125 0.0453125 0.1828125
2 0.36640625 0.5703125 0.06875 0.2953125
2 0.30546875 0.153125 0.0484375 0.19765625
2 0.2453125 0.03828125 0.0390625 0.0765625
2 0.37109375 0.05078125 0.0390625 0.1015625
2 0.3296875 0.08046875 0.0484375 0.1609375
1 0.3671875 0.4578125 0.01640625 0.03125
1 0.22109375 0.53046875 0.01875 0.02578125
1 0.434375 0.04375 0.01328125 0.0203125
1 0.30546875 0.084375 0.01328125 0.021875