2 0.65390625 0.48984375 0.084375 0.2125
2 0.64453125 0.36484375 0.053125 0.18828125
2 0.69296875 0.21328125 0.04765625 0.12109375
2 0.83359375 0.34375 0.0609375 0.16875
2 0.890625 0.375 0.05625 0.1734375
2 0.93984375 0.3484375 0.053125 0.16875
0 0.1515625 0.3453125 0.30234375 0.34453125
2 0.9828125 0.38984375 0.034375 0.165625
2 0.2953125 0.796875 0.17265625 0.36484375
1 0.65 0.296875 0.01484375 0.02421875
0 0.5125 0.2875 0.2359375 0.25625
0 0.87421875 0.18046875 0.04140625 0.10546875
0 0.9828125 0.16796875 0.03359375 0.11484375
2 0.67578125 0.196875 0.03828125 0.1203125