0 0.48203125 0.36015625 0.23203125 0.21796875
0 0.90859375 0.44453125 0.1828125 0.2453125
0 0.8234375 0.1390625 0.175 0.190625
2 0.53828125 0.65078125 0.1328125 0.21328125
2 0.8 0.81015625 0.128125 0.2328125
0 0.73984375 0.09921875 0.1578125 0.15078125
2 0.55703125 0.08515625 0.0671875 0.14375
2 0.23984375 0.19140625 0.07734375 0.15625
2 0.409375 0.2515625 0.04765625 0.1671875
2 0.38203125 0.178125 0.071875 0.15
0 0.08359375 0.42734375 0.16640625 0.171875
2 0.83046875 0.02109375 0.0421875 0.0421875
2 0.6421875 0.046875 0.05390625 0.09375
0 0.04375 0.57421875 0.0875 0.1859375
1 0.6953125 0.38046875 0.0109375 0.0203125
1 0.7140625 0.37578125 0.0109375 0.01875
2 0.71953125 0.55078125 0.10625 0.20703125
2 0.70390625 0.0390625 0.0390625 0.07734375