0 0.35859375 0.25390625 0.16640625 0.1546875
2 0.796875 0.546875 0.1015625 0.2453125
2 0.62421875 0.34453125 0.0515625 0.1921875
2 0.75859375 0.23359375 0.040625 0.1390625
0 0.521875 0.24609375 0.175 0.175
0 0.78984375 0.1328125 0.271875 0.265625
2 0.12890625 0.26015625 0.0609375 0.13984375
2 0.11015625 0.2546875 0.06328125 0.1484375
2 0.284375 0.22890625 0.05859375 0.1328125
0 0.9390625 0.12109375 0.1140625 0.2421875
1 0.628125 0.26875 0.01484375 0.021875
1 0.76328125 0.18515625 0.0125 0.0171875