0 0.61796875 0.25234375 0.2109375 0.23046875
2 0.14296875 0.2796875 0.0921875 0.17734375
0 0.5046875 0.21640625 0.19609375 0.1796875
2 0.87109375 0.60234375 0.12890625 0.2203125
2 0.3171875 0.37109375 0.053125 0.1921875
2 0.2421875 0.62265625 0.13828125 0.19453125
2 0.18125 0.8453125 0.1328125 0.26015625
0 0.9265625 0.0984375 0.1390625 0.15078125
2 0.77578125 0.04296875 0.0484375 0.0859375
2 0.5875 0.90625 0.146875 0.1875
2 0.3015625 0.17734375 0.0765625 0.15859375
2 0.75703125 0.91640625 0.13203125 0.1671875
2 0.37421875 0.1765625 0.0625 0.1484375
0 0.0890625 0.596875 0.1765625 0.24453125
2 0.55 0.10078125 0.065625 0.07265625
0 0.93046875 0.02734375 0.1390625 0.0546875
1 0.73359375 0.4328125 0.01171875 0.02109375
2 0.43359375 0.165625 0.065625 0.115625
1 0.71171875 0.44140625 0.0125 0.02265625
2 0.5609375 0.04765625 0.05859375 0.0953125
1 0.31875 0.2953125 0.0125 0.01875
2 0.671875 0.0703125 0.0546875 0.11796875