2 0.19296875 0.4 0.26640625 0.22734375
2 0.92734375 0.5453125 0.090625 0.19453125
0 0.74453125 0.16484375 0.19140625 0.196875
2 0.6359375 0.0578125 0.05234375 0.11484375
2 0.85625 0.40546875 0.06953125 0.20078125
0 0.465625 0.0375 0.17890625 0.07421875
0 0.86015625 0.05625 0.140625 0.1125
2 0.72890625 0.0390625 0.0546875 0.078125
2 0.5828125 0.40078125 0.0515625 0.184375
2 0.84765625 0.28203125 0.05 0.1484375
2 0.67734375 0.03359375 0.0421875 0.0671875
1 0.84375 0.325 0.0125 0.01953125
1 0.8609375 0.3328125 0.0109375 0.01796875