0 0.75234375 0.21875 0.153125 0.15
2 0.5765625 0.35625 0.0546875 0.190625
2 0.63125 0.296875 0.046875 0.17109375
2 0.1828125 0.2921875 0.059375 0.1765625
2 0.865625 0.5609375 0.09375 0.25859375
2 0.2890625 0.26328125 0.06171875 0.159375
0 0.4765625 0.25625 0.2078125 0.1859375
1 0.584375 0.28203125 0.0125 0.0203125
1 0.63515625 0.234375 0.0109375 0.0171875
2 0.87578125 0.19453125 0.04296875 0.075
2 0.090625 0.26484375 0.07734375 0.14296875
2 0.0125 0.2890625 0.02421875 0.12265625
2 0.1875 0.2359375 0.0546875 0.1265625
2 0.21015625 0.23125 0.04140625 0.14453125
2 0.3546875 0.2453125 0.05390625 0.14609375
2 0.32421875 0.2359375 0.03359375 0.125