0 0.878125 0.11875 0.153125 0.18125
0 0.69765625 0.58515625 0.290625 0.30234375
0 0.61171875 0.27734375 0.203125 0.203125
0 0.5109375 0.20625 0.178125 0.17578125
2 0.725 0.11640625 0.05625 0.140625
2 0.8125 0.03671875 0.0484375 0.0734375
2 0.653125 0.065625 0.05390625 0.12578125
2 0.5703125 0.44375 0.0640625 0.2046875
2 0.9609375 0.81953125 0.078125 0.234375
0 0.1515625 0.54921875 0.28828125 0.2703125
2 0.30546875 0.2328125 0.07890625 0.1484375
2 0.615625 0.046875 0.0515625 0.09375
2 0.75625 0.0296875 0.04765625 0.059375
2 0.91875 0.01796875 0.040625 0.0359375
2 0.50625 0.09375 0.0671875 0.1078125
1 0.7390625 0.71640625 0.0140625 0.025
1 0.7609375 0.70390625 0.0140625 0.02421875
2 0.071875 0.81796875 0.090625 0.24375
0 0.103125 0.440625 0.203125 0.275
2 0.24921875 0.2171875 0.0828125 0.14296875
2 0.31015625 0.12109375 0.06484375 0.12890625