2 0.3359375 0.534375 0.07734375 0.165625
2 0.95859375 0.40390625 0.034375 0.1484375
0 0.125 0.12265625 0.090625 0.0734375
2 0.84921875 0.3375 0.06015625 0.1265625
2 0.25 0.6515625 0.08984375 0.18671875
2 0.4921875 0.453125 0.0703125 0.1234375
2 0.4328125 0.57265625 0.078125 0.1640625
2 0.79609375 0.68359375 0.05078125 0.1890625
0 0.1203125 0.32265625 0.1328125 0.13671875
0 0.6140625 0.22421875 0.178125 0.115625
0 0.21484375 0.14140625 0.09921875 0.08828125
2 0.80390625 0.53046875 0.08828125 0.14921875
1 0.86484375 0.5359375 0.0109375 0.01484375
2 0.52734375 0.56484375 0.07578125 0.153125
2 0.5421875 0.46328125 0.0765625 0.1296875
0 0.46328125 0.21953125 0.12578125 0.0921875
0 0.31640625 0.17421875 0.10859375 0.08203125
2 0.8625 0.609375 0.05859375 0.18125