0 0.26796875 0.39453125 0.2546875 0.2296875
0 0.25234375 0.09765625 0.146875 0.1625
2 0.43046875 0.22578125 0.08359375 0.14375
2 0.6375 0.128125 0.0578125 0.13515625
2 0.125 0.8328125 0.0921875 0.29609375
2 0.27109375 0.76484375 0.1140625 0.265625
0 0.07734375 0.03828125 0.128125 0.0765625
2 0.09296875 0.1078125 0.03671875 0.13046875
2 0.4890625 0.02890625 0.078125 0.05546875
2 0.7296875 0.04296875 0.053125 0.0859375
1 0.1421875 0.71328125 0.015625 0.021875
1 0.12421875 0.721875 0.01484375 0.02890625
2 0.41953125 0.18046875 0.0765625 0.134375
2 0.7640625 0.01953125 0.04296875 0.03828125