2 0.64453125 0.6484375 0.13125 0.296875
2 0.63515625 0.225 0.05 0.1375
2 0.9375 0.828125 0.125 0.34296875
2 0.93828125 0.43828125 0.1234375 0.2
2 0.38671875 0.23984375 0.053125 0.14609375
1 0.39453125 0.1875 0.009375 0.015625
1 0.63828125 0.17578125 0.009375 0.01328125
0 0.0921875 0.3796875 0.184375 0.35625
1 0.1765625 0.2296875 0.0125 0.01875
2 0.175 0.29609375 0.04375 0.18203125
0 0.83125 0.21171875 0.16640625 0.15859375
2 0.571875 0.2 0.05078125 0.121875
2 0.52421875 0.14609375 0.0546875 0.11171875