2 0.4265625 0.55 0.090625 0.17578125
2 0.62265625 0.4515625 0.0671875 0.1484375
0 0.1265625 0.12265625 0.09375 0.071875
0 0.2171875 0.14140625 0.103125 0.090625
2 0.9640625 0.56640625 0.071875 0.1609375
2 0.75703125 0.35 0.053125 0.1234375
2 0.8546875 0.32734375 0.05625 0.115625
0 0.46328125 0.21953125 0.128125 0.09296875
1 0.86328125 0.5953125 0.01171875 0.01796875
2 0.8109375 0.7234375 0.0515625 0.19765625
2 0.8625 0.6703125 0.0546875 0.19296875
0 0.61328125 0.22421875 0.17578125 0.11484375
0 0.11953125 0.32421875 0.1328125 0.134375
0 0.31484375 0.17265625 0.09921875 0.0796875