0 0.49140625 0.578125 0.20390625 0.290625
0 0.38671875 0.4 0.246875 0.2453125
2 0.13671875 0.7828125 0.0828125 0.25859375
0 0.9640625 0.06640625 0.071875 0.1328125
2 0.82734375 0.4578125 0.07421875 0.2078125
0 0.1546875 0.3921875 0.25625 0.26015625
2 0.3984375 0.22734375 0.075 0.14765625
2 0.73515625 0.096875 0.05625 0.13671875
2 0.553125 0.12578125 0.05546875 0.13984375
2 0.29609375 0.62109375 0.07109375 0.23984375
2 0.63046875 0.39921875 0.0859375 0.184375
2 0.67109375 0.06328125 0.05 0.125
2 0.621875 0.9375 0.1421875 0.125
0 0.21484375 0.15625 0.11875 0.22265625
2 0.4453125 0.16328125 0.06328125 0.128125
0 0.125 0.065625 0.1421875 0.13125
2 0.02265625 0.03984375 0.03515625 0.0796875
1 0.83046875 0.37890625 0.01171875 0.01875
2 0.040625 0.15078125 0.03125 0.13515625
2 0.07734375 0.1484375 0.0453125 0.12578125
1 0.81796875 0.3765625 0.01015625 0.0171875
1 0.040625 0.10546875 0.009375 0.0140625